86,712,104,712,104,741,88,742,1
134,708,216,708,216,736,134,739,Choco
226,705,322,708,321,736,226,734,Cheese
585,684,686,672,690,706,592,718,13,636
136,748,280,748,280,776,134,778,Exclusive
289,745,383,742,384,769,290,772,Member
394,740,444,740,444,766,394,766,Car
592,719,691,711,694,744,596,757,-2,045
315,820,457,816,456,846,314,853,SubTotal:
579,802,682,789,688,825,587,840,13,636
311,860,455,857,456,887,311,892,Discount:
578,844,682,829,688,867,583,882,-2,045
390,900,458,900,458,930,390,930,PB1:
600,884,686,874,691,912,604,924,1,159
296,990,424,990,424,1054,296,1054,Total:
576,972,713,966,717,1045,580,1052,12,750
398,1068,484,1068,484,1104,398,1104,cash:
624,1056,733,1053,732,1093,624,1102,12,750
