66,488,80,488,80,512,66,512,1
89,483,193,479,194,507,90,511,TROPICAL
200,478,266,478,266,504,200,504,PUNCH
402,474,480,474,480,504,402,504,30,000
66,520,80,520,80,544,66,544,1
88,516,143,513,145,541,90,544,SOUP
152,512,194,512,194,540,152,540,50%
414,506,480,506,480,536,414,536,7,273
64,552,82,552,82,578,64,578,1
88,548,157,545,159,573,90,577,SALAD
164,544,206,544,206,572,164,572,BAR
212,542,254,542,254,568,212,568,50%
404,538,484,538,484,568,404,568,17,273
211,604,313,600,314,629,212,632,SUBTOTAL
406,602,486,602,486,632,406,632,54,546
274,634,314,634,314,662,274,662,TAX
418,634,486,634,486,664,418,664,5,454
87,716,214,706,218,753,91,763,TOTAL
336,698,488,698,488,750,336,750,60,000
