245,605,361,605,361,638,245,638,SAUSAGE
378,601,461,601,461,637,378,637,DONUT
216,608,225,608,225,639,216,639,1
718,592,821,592,821,630,718,630,14,000
242,645,365,644,365,679,243,679,PREMIUM
378,640,462,640,462,680,378,680,TOAST
478,639,530,639,530,680,478,680,PAN
545,637,633,637,633,673,545,673,BREAD
214,648,226,649,226,680,214,680,1
716,631,822,631,822,672,716,672,25,000
245,730,408,730,408,793,245,793,TOTAL
610,720,821,721,821,786,611,788,39,000
244,795,442,795,442,872,244,872,Go-Pay
509,786,753,791,756,856,509,854,Offline
613,857,833,854,836,931,612,926,39,000
