19,312,39,312,39,331,19,331,KP
45,312,111,311,111,331,45,332,BRANDING
118,310,128,310,128,330,118,330,S
188,311,197,310,198,332,189,333,1
251,310,260,310,260,333,251,333,1
330,309,338,309,339,329,331,330,1
19,338,59,338,59,360,19,360,Disc.
125,336,144,336,144,358,125,358,-1
20,365,97,365,96,385,20,385,HYDROCOCO
103,362,144,362,144,385,102,385,250ML
188,361,201,361,202,384,188,383,2
222,362,263,361,263,384,221,384,6,900
293,361,343,361,343,384,293,384,13,800
19,392,64,392,64,414,19,414,Disc.
95,390,145,390,145,412,95,412,-3,900
296,440,342,440,342,462,296,462,13,801
22,472,64,472,64,491,22,491,Total
71,470,111,471,112,492,70,491,Disc.
304,468,345,467,344,488,302,489,3,901
22,580,49,579,49,602,22,603,PPN
63,577,73,577,74,603,64,603,(
119,578,170,576,172,600,121,603,1,236)
23,497,64,497,64,517,23,517,Total
72,495,131,494,131,518,71,518,Belanja
305,494,346,493,346,514,305,515,9,900
24,525,66,524,66,544,24,545,GOPAY
73,523,125,523,124,545,72,545,WALLET
305,521,346,521,346,541,305,541,9,900
24,552,98,551,98,572,23,574,Kembalian
336,546,349,546,349,569,336,569,0
21,443,63,442,63,466,20,466,Total
72,442,106,442,106,464,72,464,Item
143,442,154,442,154,463,144,464,2
