608,759,733,757,735,797,608,798,10.000%
291,684,361,684,364,721,290,722,AQUA
373,680,462,679,461,721,373,722,BOTOL
633,677,720,678,726,716,637,718,5,455
268,723,404,722,405,760,269,764,SUBTOTAL
621,718,718,717,718,756,623,755,5,455
281,764,339,765,338,803,277,806,PB1
354,763,407,764,404,801,349,803,10%
262,803,369,803,369,843,256,845,AMOUNT
664,797,725,797,731,833,667,837,546
245,893,340,891,341,936,242,938,TOTAL
637,883,740,883,742,924,638,926,6,001
259,938,340,934,332,985,250,986,CASH
658,929,763,925,763,980,654,983,6,001
