248,568,320,568,320,602,248,602,Total:
406,572,478,572,478,610,406,610,48,001
304,612,354,612,354,632,304,632,cash:
418,614,482,614,482,638,418,638,100,000
276,635,344,640,343,661,274,656,Change:
414,638,476,638,476,662,414,662,51,999
120,424,132,424,132,442,120,442,1
146,420,234,420,234,442,146,442,Toblerone
238,420,326,423,325,444,237,441,BanCheese
420,424,480,424,480,448,420,448,28,182
118,448,130,448,130,466,118,466,1
144,446,196,446,196,466,144,466,Roast
200,446,242,446,242,466,200,466,Beef
246,445,307,450,305,472,244,467,Crepes
420,448,480,448,480,472,420,472,15,455
254,494,342,494,342,516,254,516,SubTotal:
412,496,472,496,472,520,412,520,43,637
300,520,342,520,342,540,300,540,PB1:
424,522,474,522,474,546,424,546,4,364
