44,366,312,366,312,390,44,390,ALMOND CREAM CHEESE
48,402,60,402,60,420,48,420,1
128,398,198,398,198,422,128,422,28,000
424,392,494,392,494,418,424,418,28,000
17,513,177,507,178,532,18,538,GRAND TOTAL
428,506,498,506,498,532,428,532,28,000
15,564,127,558,128,583,16,589,CASH IDR
428,556,498,556,498,584,428,584,30,000
14,616,167,605,169,630,16,642,CHANGEDUE
440,605,501,608,499,635,438,632,2,000
20,446,72,446,72,468,20,468,SUB
72,444,148,444,148,468,72,468,TOTAL
424,440,496,440,496,464,424,464,28,000
