272,395,339,395,339,424,272,424,UDANG
348,399,411,399,415,424,346,424,REBUS
421,399,456,399,457,426,421,425,(M)
239,400,255,400,255,424,239,424,1
492,399,578,398,580,422,489,426,162,000
288,428,415,428,415,449,288,449,=*MEDIUM*=
275,452,340,452,340,474,274,475,AGSIO
347,454,377,453,376,475,347,475,TH
380,454,413,454,413,473,380,473,PC
418,454,461,454,461,476,418,476,JMR
234,453,254,453,253,474,234,474,1
494,450,580,450,579,477,494,476,147,000
286,477,413,477,416,501,287,502,=*MEDIUM*=
274,506,328,506,328,532,274,532,AYAM
335,507,365,507,365,529,336,528,GR
373,506,449,505,451,530,373,530,KERING
240,504,250,504,250,528,240,528,1
493,504,580,502,580,529,493,530,108,000
288,534,413,533,414,555,287,555,=*MEDIUM*=
273,561,342,560,342,583,272,584,BIHUN
350,562,428,562,428,584,350,584,GORENG
433,559,462,558,461,583,433,583,JJ
238,564,256,564,256,584,238,584,1
504,559,581,559,580,584,504,586,87,000
287,587,414,587,413,609,286,609,=*MEDIUM*=
276,615,330,614,329,636,275,636,NASI
336,615,417,615,416,636,336,635,GORENG
420,614,474,614,474,634,420,634,NJUN
237,611,256,611,256,638,237,638,1
504,613,580,611,582,636,504,638,87,000
289,640,413,639,414,662,290,662,=*MEDIUM*=
277,668,316,668,316,690,277,690,HOT
328,666,365,666,365,688,328,688,TEA
240,669,261,669,261,688,240,688,5
502,662,588,662,588,686,502,686,60,000
388,664,464,664,467,692,387,691,12,000
274,687,328,688,328,715,274,713,IKAN
338,692,414,692,414,713,338,713,GURAME
419,692,464,692,464,712,419,712,MED
286,718,327,718,327,738,286,738,SOP
336,716,391,716,392,738,336,738,IKAN
238,693,255,693,255,715,238,715,1
498,687,584,687,584,709,498,709,158,000
274,741,328,741,328,768,274,768,CUMI
334,744,369,742,370,766,333,765,GR
371,742,451,741,452,764,371,764,JUNJAN
235,747,256,747,256,770,235,770,1
496,735,587,735,588,762,495,763,172,000
286,770,417,770,417,795,286,795,=*LARGE*==
271,797,312,797,312,825,271,825,SUP
320,799,400,796,402,820,320,823,BURUNG
407,792,469,792,469,820,407,820,DARA
233,795,248,795,250,827,231,826,1
512,788,591,788,593,816,510,818,38,000
275,827,324,827,324,853,275,853,ICED
330,825,379,825,379,851,330,851,TEA
234,830,254,830,254,853,234,853,1
512,817,592,817,594,846,512,846,12,000
269,857,363,855,365,882,270,885,CHINESE
370,853,421,853,421,882,370,882,TEA
283,887,378,885,379,909,284,910,KWAN'IM
232,862,248,862,250,882,232,882,1
512,847,596,846,597,877,513,878,14,000
269,917,329,917,329,944,270,944,NASI
333,917,402,912,407,941,333,944,PUTIH
232,920,248,920,248,944,232,944,2
513,909,598,909,599,938,513,938,20,000
425,910,509,909,509,940,425,942,10,000
275,1065,379,1063,384,1090,274,1090,SUBTOTAL
483,1064,608,1061,607,1090,483,1090,1,065,000
280,1093,371,1093,373,1115,278,1116,SERVICE
380,1094,464,1094,464,1118,380,1118,CHARGE
527,1093,608,1093,607,1117,526,1118,63,900
269,977,329,976,329,1003,270,1005,FOOD
502,971,602,969,603,997,503,999,959,000
272,1008,393,1005,396,1030,271,1031,BEVERAGES
517,1001,603,1000,605,1028,519,1031,86,000
272,1037,357,1037,357,1060,271,1059,OTHERS
523,1033,605,1032,606,1061,520,1062,20,000
279,1120,329,1120,329,1147,279,1147,Tax
333,1118,377,1118,377,1148,333,1148,10%
514,1121,610,1120,610,1145,516,1146,112,890
282,1149,337,1151,336,1188,283,1188,DU
359,1148,599,1146,602,1194,360,1198,1,241,790
