1638,2444,1898,2444,1898,2525,1638,2525,40,000
418,2214,469,2214,469,2291,418,2291,1
571,2210,746,2210,746,2291,571,2291,XXL
761,2205,1004,2228,996,2311,753,2289,Crspy
1011,2210,1309,2210,1309,2291,1011,2291,Chicken
1638,2205,1902,2205,1902,2295,1638,2295,40,000
422,2299,465,2299,465,2376,422,2376,1
580,2295,866,2295,866,2376,580,2376,- Pedas
1847,2295,1902,2295,1902,2372,1847,2372,0
413,2530,610,2530,610,2602,413,2602,Total
1638,2521,1902,2521,1902,2602,1638,2602,40,000
422,2597,579,2618,568,2701,411,2680,Pay
582,2598,780,2593,782,2679,585,2684,Cash
797,2589,1053,2589,1053,2679,797,2679,50,000
1331,2604,1610,2618,1606,2695,1328,2682,Change
1642,2606,1885,2606,1885,2688,1642,2688,10,000
411,2449,715,2440,718,2524,414,2533,ITEMS:
712,2449,759,2449,759,2521,712,2521,1
