44,344,108,344,108,368,44,368,PAKET
114,342,200,342,200,366,114,366,CHICKEN
208,344,222,344,222,364,208,364,4
288,344,300,344,300,364,288,364,1
340,338,414,338,414,364,340,364,29,000
432,338,504,338,504,364,432,364,29,000
46,374,120,374,120,398,46,398,KOREAN
126,374,178,374,178,396,126,396,COLD
184,372,224,372,224,396,184,396,TEA
286,374,298,374,298,394,286,394,1
352,368,412,368,412,394,352,394,9,000
440,368,502,368,502,394,440,394,9,000
135,433,233,430,234,453,136,456,Subtotal
430,426,504,426,504,452,430,452,38,000
136,464,234,464,234,486,136,486,Services
446,456,508,456,508,484,446,484,1,900
130,558,174,558,174,584,130,584,Tax
450,552,516,552,516,582,450,582,3,990
134,626,212,626,212,672,134,672,Total
424,620,516,620,516,668,424,668,43,890
134,688,212,688,212,730,134,730,Tunai
423,680,515,677,517,726,424,729,50,000
133,746,241,743,242,784,134,787,Kembali
436,738,515,734,517,783,438,787,6,110
