529,2154,571,2154,571,2222,529,2222,1
589,2137,1238,2091,1244,2170,594,2216,ChicTeriyakiTeishoku
1545,2119,1751,2128,1748,2207,1541,2198,59,000
533,2227,571,2227,571,2295,533,2295,1
588,2220,979,2173,987,2243,596,2290,JapaneseBeef
999,2170,1243,2180,1240,2250,996,2239,Hamburg
1541,2187,1744,2204,1738,2280,1534,2262,43,000
537,2295,580,2295,580,2363,537,2363,1
587,2288,730,2269,739,2340,597,2359,Ocha
746,2262,894,2252,899,2321,751,2331,Cold
1541,2255,1745,2275,1738,2351,1534,2331,15,000
537,2368,580,2368,580,2436,537,2436,1
592,2353,731,2340,738,2408,599,2422,Ocha
743,2330,860,2323,864,2392,747,2399,Hot
1537,2326,1733,2346,1725,2426,1529,2407,15,000
589,2489,857,2452,868,2527,599,2564,SUBTOTAL
1499,2457,1723,2488,1713,2567,1489,2536,132,000
594,2567,830,2525,842,2595,607,2637,Service
1551,2537,1723,2562,1713,2637,1540,2612,9,900
595,2633,706,2619,715,2694,604,2708,PB1
1519,2600,1715,2635,1700,2716,1505,2681,14,190
604,2764,909,2701,925,2780,620,2842,TOTAL
1289,2693,1704,2773,1689,2853,1274,2773,156,090
951,2760,1019,2760,1019,2828,951,2828,:4
601,2839,776,2805,790,2875,615,2910,Total
793,2793,924,2783,930,2855,799,2865,item
1326,2772,1493,2807,1478,2877,1311,2841,Total
1509,2801,1617,2840,1590,2914,1483,2876,Qty
1621,2845,1698,2845,1698,2914,1621,2914,:4
