103,657,196,657,198,697,103,695,GREEN
214,658,272,656,272,694,214,696,TEA
283,652,381,656,381,696,280,694,LATTE
396,660,448,660,448,700,396,700,(L)
428,706,540,706,540,746,428,746,16,363
676,704,788,704,788,742,676,742,16,363
221,708,249,708,249,750,221,750,1
102,858,160,858,160,892,102,892,Sub
175,858,267,858,267,892,175,892,Total
676,846,786,846,786,886,676,886,16,363
96,908,192,908,192,948,96,948,Pajak
206,907,302,910,302,949,205,946,Resto
690,894,780,894,780,932,690,932,1,636
100,958,196,958,196,994,100,994,Grand
210,957,302,960,301,994,209,991,Total
672,939,782,937,782,979,671,981,17,999
100,808,214,808,214,842,100,842,Jumlah
226,806,306,809,306,846,225,844,Item
554,806,570,806,570,834,554,834,1
