137,1493,250,1494,251,1553,129,1548,Fish
253,1492,358,1492,359,1553,252,1553,Ball
796,1500,823,1497,823,1549,796,1549,1
1189,1500,1374,1499,1376,1562,1185,1566,10,000
126,1602,267,1605,269,1666,126,1665,Fried
276,1606,465,1608,459,1677,274,1673,Siomay
798,1610,824,1611,824,1662,795,1661,1
1197,1609,1373,1614,1375,1679,1199,1680,10,000
130,1749,340,1745,340,1803,130,1802,Subtotal
1194,1750,1376,1750,1378,1811,1194,1812,20,000
128,1855,355,1860,358,1915,128,1921,Discount
1301,1864,1378,1864,1373,1935,1298,1932,(0)
125,1965,362,1966,363,2041,129,2040,TOTAL
1154,1961,1379,1970,1379,2051,1153,2050,20,000
119,2089,273,2090,273,2151,122,2151,Tunai
1198,2087,1383,2088,1379,2163,1194,2160,20,000
121,2196,411,2199,414,2268,119,2270,Kembalian
1340,2213,1381,2214,1380,2268,1342,2267,0
