92,624,112,624,112,656,92,656,1
130,622,230,622,230,658,130,658,PAKET
244,620,324,620,324,656,244,656,BER2
616,618,728,618,728,658,616,658,69,091
174,670,194,670,194,702,174,702,1
212,668,308,668,308,702,212,702,BREAD
320,668,344,668,344,700,320,700,N
358,666,470,666,470,700,358,700,CHEESE
486,666,546,666,546,698,486,698,DEL
178,714,198,714,198,746,178,746,1
212,714,272,714,272,746,212,746,MAC
284,714,308,714,308,744,284,744,N
322,712,434,712,434,744,322,744,CHEESE
450,712,506,712,506,744,450,744,DEL
180,758,200,758,200,788,180,788,1
216,756,310,756,310,788,216,788,PEPSI
324,756,382,756,382,788,324,788,DEL
186,800,204,800,204,828,186,828,1
218,800,276,800,276,828,218,828,P/P
290,798,436,798,436,828,290,828,THUOSAND
452,796,506,796,506,826,452,826,ISL
520,796,576,796,576,826,520,826,DEL
188,840,208,840,208,866,188,866,1
222,836,332,836,332,866,222,866,LIPTON
348,836,400,836,400,866,348,866,ICE
416,836,470,836,470,864,416,864,TEA
486,836,540,836,540,864,486,864,DEL
332,908,470,908,470,936,332,936,SUBTOTAL
602,906,704,906,704,938,602,938,69,091
416,940,470,940,470,968,416,968,TAX
614,941,701,936,703,970,616,974,6,909
160,1020,332,1020,332,1088,160,1088,TOTAL
500,1020,708,1020,708,1100,500,1100,76,000
