108,332,120,332,120,354,108,354,1
128,330,192,330,192,356,128,356,CHOCO
198,330,282,330,282,356,198,356,CUSTARD
288,330,362,330,362,356,288,356,PASTRY
452,326,528,326,528,354,452,354,12,000
108,360,120,360,120,382,108,382,1
128,358,212,358,212,384,128,384,CARAMEL
220,358,294,358,294,384,220,384,PASTRY
452,354,530,354,530,382,452,382,12,000
124,410,242,410,242,448,124,448,TOTAL
384,410,538,410,538,450,384,450,24,000
116,446,170,446,170,462,116,462,CASH
460,450,544,450,544,474,460,474,30,000
106,462,263,456,264,492,108,498,CHANGE
417,466,553,478,549,519,413,506,6,000
