116,608,132,608,132,636,116,636,1
144,606,254,606,254,638,144,638,JASMINE
610,602,702,602,702,636,610,636,39,000
116,684,128,684,128,712,116,712,1
142,680,174,680,174,712,142,712,P.
188,680,254,680,254,712,188,712,RIBS
262,678,298,678,298,710,262,710,SP
310,678,354,678,354,712,310,712,(R)
612,674,706,674,706,708,612,708,73,000
114,720,128,720,128,748,114,748,1
140,716,206,716,206,750,140,750,PORK
217,716,313,712,314,746,218,749,TENDER
324,714,368,714,368,748,324,748,(L)
616,710,708,710,708,744,616,744,72,000
114,758,126,758,126,786,114,786,1
140,754,206,754,206,788,140,788,TAIL
215,753,327,750,328,783,216,786,STOMACH
340,750,384,750,384,786,340,786,(S)
616,746,710,746,710,780,616,780,64,000
112,796,126,796,126,826,112,826,1
138,794,170,794,170,826,138,826,P.
185,791,327,787,328,822,186,826,INTESTINE
340,788,384,788,384,824,340,824,(R)
617,784,711,781,712,817,618,819,32,000
110,836,124,836,124,866,110,866,1
138,830,220,830,220,864,138,864,CAKWE
232,828,280,828,280,864,232,864,(L)
619,822,713,819,714,855,620,857,20,000
104,872,126,872,126,906,104,906,2
135,871,219,869,220,903,136,906,WHITE
230,868,296,868,296,902,230,902,RICE
621,860,715,857,716,893,622,896,20,000
106,914,122,914,122,946,106,946,1
133,911,219,908,220,943,134,947,PLAIN
230,906,328,906,328,942,230,942,CONGEE
626,898,718,898,718,934,626,934,12,000
134,990,232,990,232,1026,134,1026,SUBTTL
611,976,721,973,723,1010,612,1014,332,000
133,1033,249,1031,250,1063,134,1066,Service
260,1028,360,1028,360,1062,260,1062,Charge
628,1016,723,1012,725,1048,630,1052,24,900
134,1072,184,1072,184,1106,134,1106,PB1
631,1054,725,1051,727,1089,632,1092,35,690
128,642,368,642,368,674,128,674,BEVERAGE
510,640,602,640,602,672,510,672,39,000
121,951,247,947,248,983,122,986,FOOD
505,940,615,936,616,974,506,977,293,000
136,1146,294,1146,294,1182,136,1182,TOTAL
513,1138,727,1130,729,1168,514,1176,392,590
