4,337,48,337,48,357,2,357,2005-
46,336,103,336,102,357,46,357,CHEESE
106,336,148,336,148,356,106,356,JOHN
70,358,146,358,147,381,71,380,9.500,00
176,358,198,358,198,378,176,378,x1
262,356,338,356,338,380,262,380,9.500,00
2,450,58,450,58,470,2,470,Total.
246,448,324,448,324,474,246,474,9.500,00
4,470,44,470,44,490,4,490,Cash
4,492,86,492,86,513,4,513,Tendered:
271,494,357,494,357,518,271,518,10.000,00
8,515,71,514,71,532,9,533,Change:
298,516,356,516,356,540,298,540,500,00
2,404,48,404,48,426,2,426,Total
52,406,100,406,100,424,52,424,Item:
186,406,198,406,198,424,186,424,1
