644,1735,814,1765,799,1850,629,1820,Total
1607,1766,1837,1749,1844,1838,1614,1856,23,000
640,1920,716,1920,716,2009,640,2009,DB
735,1929,848,1943,837,2030,725,2015,BCA
1611,1950,1840,1932,1848,2030,1619,2048,23,000
584,1728,622,1728,622,1809,584,1809,1
571,1284,614,1284,614,1361,571,1361,1
635,1296,911,1343,897,1426,621,1379,GREENTEA
917,1347,1166,1352,1164,1436,916,1431,BLENDED
1208,1354,1392,1331,1402,1414,1218,1437,CREAM
1592,1306,1821,1273,1834,1362,1605,1396,20,909
605,1377,783,1411,768,1492,590,1458,*Gula
793,1415,968,1445,956,1521,780,1491,Murni
985,1442,1130,1442,1130,1518,985,1518,100%
638,1556,905,1599,891,1685,624,1642,Subtotal
1598,1581,1827,1555,1837,1646,1608,1672,20,909
644,1645,824,1679,808,1761,628,1726,PAJAK
832,1685,938,1685,938,1766,832,1766,10%
1645,1674,1834,1654,1843,1742,1654,1762,2,091
