193,526,290,526,290,554,193,554,GONG
298,528,394,528,394,552,298,552,GIBAB
497,525,511,524,509,552,497,551,1
633,520,732,520,732,552,633,552,20,000
194,568,242,566,243,593,194,594,BO
249,568,338,566,337,593,248,593,SSAM
497,565,510,565,511,591,496,591,1
618,561,735,559,739,590,618,592,320,000
196,608,326,608,326,632,195,633,HAEMUL
198,642,342,642,342,667,198,667,DENJANG
197,678,301,676,303,703,195,705,JJIGAE
496,604,511,602,511,631,495,630,1
631,600,734,595,739,627,632,635,85,000
196,712,440,709,439,740,194,741,MULNAENGMYO
191,748,217,748,216,778,191,777,N
496,709,511,709,512,737,496,737,1
640,708,742,708,744,738,639,739,85,000
188,805,250,805,250,833,187,832,Sub
248,805,323,802,325,832,248,832,Total
621,801,750,799,751,832,622,834,510,000
186,847,292,846,289,873,185,873,Service
645,843,752,843,754,877,643,877,35,700
184,886,235,886,235,912,184,912,Tax
646,886,753,886,753,919,646,919,54,255
180,921,307,921,307,950,180,950,Discount
736,925,755,925,755,952,736,952,0
177,981,305,981,308,1021,174,1020,TOTAL
608,991,762,991,762,1034,608,1034,599,955
