231,928,304,922,308,969,235,975,DUE
667,914,811,928,806,975,662,960,55,500
235,1043,324,1034,328,1081,239,1089,BCA:
668,1021,810,1038,804,1083,662,1066,55,500
394,1136,420,1136,420,1176,394,1176,3
432,1126,520,1117,525,1162,436,1171,ITEM
237,1157,312,1147,318,1193,243,1203,QTY
580,1122,608,1122,608,1162,580,1162,3
624,1122,695,1126,693,1168,622,1165,PCS
100,1175,220,1161,225,1206,105,1220,TOTAL
188,656,210,656,210,696,188,696,1
230,652,366,652,366,696,230,696,Pillow
380,648,492,648,492,688,380,688,Choco
662,644,804,646,803,692,661,689,18,000
188,710,210,710,210,752,188,752,1
230,704,366,704,366,748,230,748,Pillow
382,702,514,702,514,742,382,742,Cheese
664,702,806,702,806,748,664,748,18,000
188,764,210,764,210,806,188,806,1
230,759,367,753,369,798,232,804,Pillow
381,754,489,750,490,793,382,796,Kombi
666,752,807,759,805,806,664,799,19,500
229,871,409,857,412,903,233,917,SUBTOTAL
665,862,810,873,806,918,661,907,55,500
232,985,412,967,417,1016,237,1033,ROUNDING
778,984,806,984,806,1024,778,1024,0
