376,936,464,936,464,972,376,972,GRAND
478,932,564,932,564,968,478,968,TOTAL
738,930,834,930,834,968,738,968,70,000
116,1028,166,1028,166,1068,116,1068,[D]
184,1030,274,1030,274,1066,184,1066,DEBIT
288,1030,343,1027,345,1064,290,1067,EDC
358,1025,411,1022,413,1059,360,1062,BCA
738,1012,834,1012,834,1052,738,1052,70,000
803,1130,833,1131,832,1161,802,1160,0
455,1145,559,1142,560,1177,456,1180,CHANGE
47,570,118,578,114,611,43,602,Puyo
130,574,150,574,150,604,130,604,6
160,572,312,572,312,608,160,608,(Package)
456,575,490,579,486,609,453,604,1x
532,575,626,578,625,613,531,610,70,000
714,577,810,580,809,613,713,610,70,000
78,608,166,611,165,644,77,641,Si1ky
179,612,279,608,280,641,180,644,Lychee
456,612,490,612,490,642,456,642,2x
74,646,162,648,161,682,73,679,Si1ky
178,647,264,651,263,683,177,679,Mango
459,649,495,653,492,680,456,676,1x
72,684,162,687,161,722,71,719,Si1ky
176,686,280,686,280,720,176,720,Cotton
294,680,381,685,379,722,292,717,Candy
462,685,498,689,494,719,459,714,1x
68,722,159,727,157,764,66,759,Si1ky
174,727,265,732,263,763,172,758,Green
278,726,330,726,330,758,278,758,Tea
463,724,500,729,496,759,459,754,1x
65,762,157,767,155,806,62,801,Si1ky
172,764,330,764,330,802,172,802,Chocolate
464,765,500,769,497,801,461,797,1x
22,856,83,853,85,890,24,893,Sub
97,854,187,851,188,889,98,891,Total
738,845,834,848,833,887,737,884,70,000
