297,675,405,677,404,708,297,707,PLASTIC
409,676,461,676,461,709,408,708,BAG
205,676,217,676,218,703,205,703,1
615,717,704,716,704,746,615,745,500.00
295,753,353,754,351,787,294,785,Pink
355,751,453,754,450,789,354,788,Panther
454,754,497,755,495,792,454,791,(P)
203,755,215,756,216,783,202,783,1
573,794,703,797,701,829,572,827,37,500.00
308,933,421,933,420,964,307,963,Subtotal
575,933,704,935,706,968,576,968,75,500.00
305,1047,424,1048,421,1078,307,1081,Discount
647,1049,705,1049,707,1080,648,1080,0.00
303,1104,390,1106,391,1138,302,1136,Total
543,1105,704,1108,704,1143,544,1143,75,500.00
249,1192,360,1192,361,1228,250,1229,Payment
576,1194,708,1195,709,1230,575,1229,75,500.00
248,1231,346,1237,347,1265,249,1265,Change
648,1234,707,1237,707,1266,646,1264,0.00
293,1290,313,1289,314,1318,293,1318,3
321,1287,415,1287,415,1326,321,1323,item(s)
293,834,343,835,343,869,294,868,Red
346,836,438,840,436,871,346,867,dragon
444,835,484,836,482,872,442,871,(P)
201,837,214,837,214,865,199,865,1
575,875,705,876,704,910,574,909,37,500.00
