129,550,415,547,416,580,130,582,CINNAMON SUGAR
132,596,148,596,148,626,132,626,1
247,596,345,592,346,626,248,629,17,000
692,590,790,590,790,622,692,622,17,000
89,664,271,661,272,694,90,697,SUB TOTAL
693,656,793,653,794,687,694,691,17,000
87,758,317,752,318,785,88,791,GRAND TOTAL
698,752,800,752,800,784,698,784,17,000
83,830,243,825,244,859,84,863,CASH IDR
698,824,801,819,803,854,700,859,22,000
78,906,227,899,229,934,80,941,CHANGE
229,900,301,897,302,929,230,932,DUE
716,895,799,891,801,926,718,930,5,000
