136,742,158,742,158,782,136,782,1
187,744,291,744,291,781,187,781,Salted
304,744,357,744,357,792,304,792,Egg
373,745,494,745,494,780,373,780,Chicken
695,744,804,744,804,783,695,783,22,727
389,832,540,832,540,871,389,871,Subtotal:
679,828,784,828,784,876,679,876,22,727
474,876,540,876,540,917,474,917,PB1:
696,883,785,883,785,922,696,922,2,273
379,973,503,973,503,1040,379,1040,Total:
661,973,805,974,805,1053,662,1053,25,000
483,1056,568,1056,566,1095,484,1094,cash:
701,1060,815,1059,815,1099,700,1101,25,000
