134,1192,242,1192,242,1224,134,1224,Before
248,1187,405,1194,403,1230,246,1223,Rounding
718,1197,838,1200,837,1239,717,1236,81,002
136,950,160,950,160,984,136,984,1
210,950,282,950,282,986,210,986,TEH
289,952,401,952,401,986,289,986,PANAS
740,958,840,958,840,994,740,994,5,455
136,986,160,986,160,1018,136,1018,1
212,986,258,986,258,1018,212,1018,ES
262,986,332,986,332,1020,262,1020,TEH
338,984,464,987,463,1022,337,1019,TAWAR
740,994,840,994,840,1028,740,1028,6,364
136,1020,160,1020,160,1052,136,1052,1
212,1020,298,1020,298,1054,212,1054,NASI
302,1020,376,1020,376,1054,302,1054,CAH
382,1020,498,1020,498,1054,382,1054,JAMUR
718,1026,840,1026,840,1062,718,1062,32,728
134,1054,158,1054,158,1088,134,1088,1
212,1054,324,1054,324,1088,212,1088,BIHUN
332,1056,474,1056,474,1090,332,1090,GORENG
476,1054,570,1054,570,1090,476,1090,AYAM
718,1062,836,1062,836,1098,718,1098,29,091
128,1262,224,1262,224,1294,128,1294,Total.
718,1266,838,1266,838,1304,718,1304,81,000
132,1294,262,1294,262,1330,132,1330,KREDIT
268,1294,338,1294,338,1328,268,1328,BCA
718,1299,839,1305,837,1343,716,1337,81,000
132,1122,244,1122,244,1156,132,1156,ITEMS
252,1124,288,1124,288,1154,252,1154,:4
718,1126,838,1130,837,1167,717,1164,73,638
132,1222,290,1227,289,1264,131,1259,Rounding
798,1234,836,1234,836,1268,798,1268,-2
134,1156,204,1156,204,1190,134,1190,VAT
210,1156,290,1156,290,1190,210,1190,10%
738,1164,838,1164,838,1200,738,1200,7,364
