326,989,410,994,411,1032,327,1031,Incl,
427,989,479,989,479,1031,425,1029,Pb1
491,989,548,988,549,1032,493,1031,10%
802,990,893,990,896,1035,798,1037,3,864
303,705,317,702,317,739,305,741,1
332,701,433,700,435,739,330,740,ALMOND
444,701,530,700,532,740,443,739,SUGAR
539,698,613,698,617,740,535,741,MILK
619,700,708,700,709,738,618,739,BREAD
781,698,886,699,887,738,779,741,22,500
302,743,319,743,320,778,301,779,1
330,739,435,737,437,777,329,782,POTATO
443,739,562,742,564,778,440,779,SAUSAGE
571,739,659,741,660,778,570,779,BREAD
781,739,888,740,888,781,780,783,20,000
322,815,499,818,504,893,329,891,TOTAL
683,816,894,814,894,890,679,895,42,500
328,885,401,884,403,923,327,923,CASH
770,886,894,884,893,924,768,928,100,000
323,921,533,920,536,994,321,997,CHANGE
678,923,898,921,900,998,679,1004,57,500
