174,628,272,630,273,667,173,663,AMOUNT
282,632,336,632,336,662,282,662,DUE
547,622,707,619,710,655,547,660,100,000.00
170,716,226,716,226,748,170,748,VMB
238,716,290,716,290,748,238,748,BCA
587,707,749,700,751,735,585,743,100,000.00
172,852,276,852,276,886,170,887,CHANGE
566,842,638,842,638,874,566,876,0.00
192,422,291,428,289,458,190,453,AMOUSH
298,428,350,428,350,460,298,460,DBL
360,432,408,432,408,462,360,462,CHS
420,434,480,434,480,466,420,466,BURG
146,424,166,424,166,452,146,452,6
578,439,710,441,709,474,577,471,99,000.00
192,464,260,467,260,501,191,497,TAKE
268,466,338,469,335,502,266,499,AWAY
346,470,440,474,439,503,346,502,CHARGE
148,466,164,466,164,495,148,494,1
594,482,716,482,716,513,593,511,1,000.00
176,545,318,549,317,580,175,578,SUB-TOTAL
542,546,696,546,696,576,542,576,100,000.00
