289,1530,333,1530,333,1591,289,1591,2
357,1525,536,1534,532,1604,354,1595,TWIST
557,1536,737,1536,737,1604,557,1604,DONUT
1316,1558,1532,1569,1529,1642,1313,1632,18,000
299,1608,333,1608,333,1672,299,1672,1
361,1605,604,1617,601,1687,357,1675,BROWNIE
1306,1637,1526,1651,1522,1724,1302,1710,21,000
299,1689,336,1689,336,1754,299,1754,1
360,1689,503,1689,503,1761,360,1761,REAL
527,1695,772,1700,771,1771,525,1766,GANACHE
1306,1720,1519,1730,1515,1800,1303,1791,16,500
299,1771,333,1771,333,1832,299,1832,1
360,1771,503,1771,503,1839,360,1839,REAL
527,1772,840,1782,839,1848,525,1839,CHOCOLATE
860,1781,1003,1781,1003,1849,860,1849,ROLL
1303,1797,1511,1806,1508,1874,1300,1866,16,000
299,1849,336,1849,336,1910,299,1910,1
361,1844,606,1852,604,1921,358,1913,REDBEAN
625,1853,802,1853,802,1924,625,1924,BREAD
1327,1875,1511,1882,1508,1958,1323,1950,9,000
352,2003,701,2019,695,2154,346,2137,TOTAL
1086,2029,1514,2049,1507,2192,1080,2173,80,500
347,2143,631,2151,627,2277,344,2270,CARD
1082,2169,1509,2184,1504,2331,1077,2317,80,500
