88,490,104,490,104,529,87,528,1
126,488,226,488,226,528,126,528,TWIST
242,488,442,488,441,532,241,532,STRAWBERRY
453,487,556,487,556,530,452,531,DONUT
672,490,788,490,787,535,672,532,10,000
88,538,106,538,107,578,87,578,1
121,535,190,536,190,580,123,579,TLJ
199,534,387,537,388,579,201,580,CROQUETTE
669,535,786,532,789,582,667,582,17,000
88,588,104,588,105,627,88,627,1
124,586,248,586,248,626,124,626,POTATO
261,583,383,583,386,626,263,627,PEPPER
398,584,498,584,498,624,398,624,BAGEL
670,584,790,581,790,628,669,630,16,000
116,679,326,680,328,758,113,764,TOTAL
550,680,787,675,789,761,550,768,43,000
121,759,211,758,211,799,121,803,CASH
661,753,789,753,789,800,663,799,50,000
123,806,369,799,373,879,112,883,CHANGE
588,802,786,802,786,882,579,888,7,000
