261,1528,476,1538,472,1622,257,1612,TOAST
499,1539,709,1545,707,1629,497,1624,BREAD
584,1638,627,1638,627,1715,584,1715,1
992,1639,1228,1633,1230,1718,994,1724,28,000
1394,1620,1633,1603,1639,1693,1400,1709,28,000
537,1821,938,1821,938,1971,537,1971,TOTAL
1171,1815,1641,1792,1649,1961,1179,1984,28,000
546,1975,716,1975,716,2052,546,2052,CASH
1405,1961,1642,1952,1645,2038,1408,2047,28,000
540,2065,1018,2058,1021,2212,542,2219,CHANGE
1557,2056,1634,2056,1634,2188,1557,2188,0
273,1890,320,1890,320,1966,273,1966,1
