114,1024,136,1024,136,1058,114,1058,1
137,1025,242,1017,245,1055,140,1063,golden
668,1022,814,1022,814,1062,668,1062,49,000.0
866,1024,1018,1024,1018,1064,866,1064,49,000.0
572,1143,720,1146,719,1182,571,1179,Subtotal:
728,1145,942,1150,941,1194,727,1189,Rp 45.545.45
532,1198,594,1198,594,1232,532,1232,Tax
602,1197,740,1201,739,1238,601,1234,10.00%:
750,1201,944,1205,943,1249,749,1245,Rp 4,454.55
534,1249,668,1253,667,1291,533,1287,TOTAL:
700,1255,946,1262,945,1305,699,1299,Rp 49,000.00
618,1293,701,1296,699,1333,616,1329,Paid:
732,1299,946,1303,945,1345,731,1341,Rp 50,000.00
582,1332,722,1346,718,1383,579,1369,Change:
752,1343,948,1348,947,1392,751,1387,Rp 1,000.00
