219,592,248,592,248,622,219,622,KP
257,592,355,591,356,623,257,624,BRANDING
364,593,379,593,379,619,364,619,L
472,590,480,590,480,624,472,624,1
562,588,576,588,576,620,562,620,1
685,590,697,590,697,621,685,621,1
220,631,280,631,281,664,221,664,Disc.
376,631,400,631,400,659,375,660,-1
220,669,297,670,298,700,220,703,M/POKO
306,670,344,670,346,697,305,698,STD
352,667,404,667,405,698,352,699,XXL5
473,669,481,667,482,696,473,696,1
506,665,580,665,581,700,506,701,17,100
626,667,701,667,701,698,626,698,17,100
331,707,381,706,380,736,330,737,FOOT
388,705,408,705,408,736,388,736,6
473,704,488,704,487,735,471,735,2
507,704,581,703,580,735,508,737,11,200
624,705,700,705,700,736,624,736,22,400
230,897,288,897,288,929,230,929,Total
298,894,384,896,387,925,297,929,Belanja
617,894,702,894,704,925,618,925,118,100
232,936,290,934,290,967,232,968,Tunai
618,931,703,931,703,966,618,966,120,000
230,974,340,974,342,1001,231,1005,Kembalian
642,972,705,972,708,1007,642,1008,1,900
227,824,286,824,288,852,226,854,Total
300,819,352,822,350,851,300,850,Item
403,822,418,821,418,849,403,848,4
616,817,697,817,699,849,616,848,118,101
227,861,289,859,288,891,229,891,Total
297,860,359,860,359,893,297,893,Disc.
688,856,697,856,697,888,688,888,1
232,1012,273,1012,273,1041,232,1040,PPN
362,1008,434,1008,435,1042,362,1040,10,736
224,745,300,745,302,778,222,780,CIPAIN
309,746,371,744,370,774,309,776,PATCH
378,744,408,744,408,775,378,775,4S
473,744,488,744,488,776,473,776,3
508,742,580,742,582,773,505,774,26,200
624,742,703,742,703,773,624,774,78,600
