87,270,98,269,98,288,88,288,1
100,268,154,268,154,288,100,288,CRISPY
154,268,201,265,203,286,156,289,APPLE
204,266,258,266,258,286,204,286,RAISIN
260,266,306,266,306,286,260,286,PASTR
324,264,378,264,378,286,324,286,11,500
88,290,98,290,98,308,88,308,1
100,288,138,288,138,308,100,308,PAIN
140,288,164,287,163,308,140,308,AU
164,286,242,286,242,306,164,306,CHOCOLATE
324,284,378,284,378,306,324,306,11,000
87,308,99,308,99,329,87,327,1
99,308,162,305,163,326,100,329,REDBEAN
164,306,210,306,210,326,164,326,BREAD
332,304,378,304,378,326,332,326,9,000
102,348,186,348,187,381,102,380,TOTAL
277,346,377,342,378,378,274,386,31,500
102,378,140,378,140,398,102,398,CASH
326,376,380,376,380,396,326,396,52,000
102,398,202,398,204,432,100,434,CHANGE
277,398,377,394,379,429,276,437,20,500
