494,2397,665,2397,665,2461,494,2461,Total.
1510,2389,1728,2389,1728,2461,1510,2461,40,000
490,2333,733,2333,733,2402,490,2402,ITEMS:
733,2333,768,2333,768,2397,733,2397,1
496,2461,619,2476,611,2542,488,2527,Pay
618,2461,776,2461,776,2525,618,2525,Cash
785,2457,994,2457,994,2530,785,2530,40,000
1417,2468,1692,2485,1688,2550,1413,2533,Change :
1685,2470,1732,2470,1732,2530,1685,2530,0
503,2154,533,2154,533,2214,503,2214,1
628,2137,975,2154,971,2226,624,2209,XXL Crispy
977,2141,1224,2141,1224,2205,977,2205,Chicken
1510,2137,1719,2137,1719,2205,1510,2205,40,000
499,2214,537,2214,537,2274,499,2274,1
631,2240,657,2240,657,2261,631,2261,-
667,2207,907,2222,903,2284,663,2268,Sedang
1689,2197,1732,2197,1732,2257,1689,2257,0
1510,2325,1723,2325,1723,2393,1510,2393,40,000
