60,1068,163,1065,164,1101,62,1105,GRAND
174,1065,275,1059,277,1096,176,1102,TOTAL
693,1044,793,1041,794,1078,694,1081,8,800
63,1118,161,1114,162,1149,64,1153,TUNAI
673,1092,787,1088,788,1123,674,1127,10,000
69,1163,203,1158,204,1189,70,1194,KEMBALI
688,1135,785,1130,787,1162,690,1167,1,200
52,853,233,846,234,885,54,892,A.MINERAL
245,847,347,845,348,883,246,886,BOTOL
436,844,458,844,458,878,436,878,1
489,840,589,837,590,877,490,880,8.000
694,834,794,834,794,876,694,876,8,000
54,910,157,905,159,943,56,948,TOTAL
693,890,793,886,794,925,694,929,8.000
54,1019,121,1016,123,1053,56,1056,TAX
134,1015,235,1010,237,1049,136,1054,10.00
246,1012,276,1012,276,1046,246,1046,%
730,992,792,992,792,1028,730,1028,800
