92,510,106,510,106,532,92,532,1
112,508,152,508,152,534,112,534,RB.
158,506,224,506,224,534,158,534,AI-AI
230,506,294,506,294,532,230,532,CHOCO
480,510,548,510,548,538,480,538,8,000
92,538,104,538,104,562,92,562,1
112,536,152,536,152,562,112,562,RB.
160,534,234,534,234,562,160,562,COKLAT
242,534,318,534,318,562,242,562,COFFEE
480,540,548,540,548,570,480,570,8,000
218,620,260,620,260,646,218,646,DUE
470,630,548,630,548,660,470,660,16,000
218,648,272,648,272,676,218,676,CASH
470,660,550,660,550,690,470,690,16,000
54,592,116,592,116,618,54,618,ITEM:
114,592,130,592,130,618,114,618,2
54,620,96,620,96,646,54,646,PCS
114,620,130,620,130,646,114,646,2
218,591,318,591,318,617,218,617,SUBTOTAL
470,600,550,600,550,630,470,630,16,000
