150,290,164,290,164,318,150,318,1
176,289,267,295,265,326,174,319,Bakpao
274,296,348,296,348,324,274,324,telur
356,298,418,298,418,326,356,326,asin
621,290,715,286,716,318,622,321,22,800
150,320,164,320,164,346,150,346,1
176,318,220,318,220,348,176,348,Cai
232,322,294,322,294,350,232,350,Mieo
624,318,714,318,714,348,624,348,15,800
150,348,164,348,164,374,150,374,1
176,347,266,351,265,378,175,375,caisim
274,350,372,350,372,380,274,380,special
621,347,713,344,714,375,622,378,15,800
150,374,164,374,164,400,150,400,1
176,373,308,378,307,407,175,401,Carsiupau
314,376,377,382,374,411,311,405,Ayam
619,376,711,373,712,403,620,406,22,800
152,404,164,404,164,428,152,428,1
176,402,238,402,238,430,176,430,Fish
246,404,306,404,306,432,246,432,Glue
620,402,712,402,712,432,620,432,27,800
152,430,166,430,166,456,152,456,1
178,429,251,432,249,459,176,455,Jamur
262,432,304,432,304,458,262,458,Isi
314,432,374,432,374,460,314,460,Ayam
620,432,710,432,710,460,620,460,32,800
152,458,166,458,166,482,152,482,1
178,456,250,456,250,484,178,484,Jamur
258,457,348,459,347,488,257,485,Kuping
618,458,710,458,710,488,618,488,21,800
152,484,166,484,166,510,152,510,1
176,481,265,485,263,513,175,509,Kailan
272,483,388,487,387,516,271,512,hongkong
620,488,708,488,708,518,620,518,15,800
150,510,166,510,166,536,150,536,1
176,510,236,510,236,538,176,538,Kuah
246,509,318,512,317,540,245,537,Kaldu
326,510,388,518,384,546,323,539,Ayam
150,536,166,536,166,562,150,562,1
176,536,224,536,224,564,176,564,Kue
230,538,304,538,304,566,230,566,Macok
616,542,706,542,706,570,616,570,22,800
152,564,166,564,166,590,152,590,1
176,561,276,564,275,593,175,590,Pangsit
286,566,384,566,384,594,286,594,Special
616,570,706,570,706,598,616,598,27,800
152,592,166,592,166,616,152,616,1
176,587,278,590,277,619,175,615,Sirloin
286,592,342,592,342,618,286,618,Roll
352,592,424,592,424,620,352,620,Enoki
615,595,703,595,703,623,615,623,34,800
152,618,164,618,164,642,152,642,1
176,616,264,616,264,644,176,644,Sutake
272,615,396,620,395,648,271,644,Kombinasi
613,623,703,623,703,651,613,651,31,800
152,646,164,646,164,670,152,670,1
176,642,238,642,238,670,176,670,Tahu
246,642,333,648,331,675,244,669,Jepang
615,649,701,649,701,677,615,677,10,800
152,672,164,672,164,696,152,696,1
176,670,236,670,236,696,176,696,Tahu
246,670,358,670,358,698,246,698,Sandwidh
613,677,701,677,701,705,613,705,26,800
152,698,164,698,164,722,152,722,1
176,696,224,696,224,724,176,724,TOM
232,694,278,694,278,724,232,724,YAM
150,722,166,722,166,748,150,748,1
176,721,239,724,237,751,174,747,Udon
614,730,700,730,700,760,614,760,19,800
148,748,168,748,168,776,148,776,2
176,748,264,748,264,776,176,776,Chines
272,748,318,748,318,776,272,776,Tea
326,746,399,752,397,778,324,773,Green
406,751,451,754,449,780,404,777,Tea
611,757,697,754,698,783,612,786,21,600
148,774,168,774,168,802,148,802,2
178,774,236,774,236,802,178,802,Tahu
246,774,288,774,288,802,246,802,Isi
298,774,358,774,358,802,298,802,Ayam
611,784,697,780,698,810,612,813,55,600
148,802,166,802,166,828,148,828,5
176,800,250,800,250,828,176,828,Green
260,802,304,802,304,828,260,828,tea
312,800,398,800,398,828,312,828,Dingin
611,810,697,807,698,836,612,839,84,000
148,828,166,828,166,856,148,856,7
176,826,234,826,234,854,176,854,Nasi
244,826,318,826,318,854,244,854,Putih
610,836,698,836,698,864,610,864,68,600
152,858,164,858,164,882,152,882,1
176,854,250,854,250,880,176,880,Bakso
260,852,318,852,318,880,260,880,Ikan
609,862,697,862,697,890,609,890,25,800
176,904,250,904,250,934,176,934,ITEMS
258,902,330,902,330,932,258,932,TOTAL
594,907,696,910,695,941,593,937,605,600
174,934,248,934,248,962,174,962,Promo
258,932,304,932,304,958,258,958,UOB
312,930,358,930,358,958,312,958,20%
560,938,570,938,570,962,560,962,(
582,936,690,936,690,966,582,966,100,000)
174,984,288,984,288,1014,174,1014,SUBTOTAL
594,990,696,990,696,1020,594,1020,505,600
174,1012,290,1012,290,1040,174,1040,Services
298,1008,332,1008,332,1038,298,1038,5%
605,1018,693,1018,693,1046,605,1046,25,280
174,1040,220,1040,220,1068,174,1068,TAX
232,1038,276,1038,276,1066,232,1066,10%
606,1044,694,1044,694,1074,606,1074,53,088
175,1091,311,1086,312,1116,176,1121,TOTAL
474,1083,665,1098,663,1130,472,1116,583,968
174,1118,220,1118,220,1146,174,1146,BCA
228,1114,314,1114,314,1144,228,1144,MASTER
592,1122,694,1126,693,1156,591,1153,583,968
