54,648,80,648,82,700,53,700,2
91,645,268,645,268,702,92,702,R.PISANG
276,646,411,646,406,701,279,700,COKLAT
420,707,549,704,550,756,421,758,22,000
56,766,80,763,82,817,56,817,2
95,763,224,763,224,819,95,819,D.RING
241,760,372,758,366,816,240,816,COKLAT
424,817,551,814,552,867,425,870,18,000
55,884,81,884,82,935,53,933,1
92,880,227,878,229,934,93,935,R.BANA
238,875,324,876,324,930,237,931,CHIP
418,877,525,875,527,927,420,929,9,000
80,940,104,940,104,990,80,990,1
122,935,267,932,270,988,119,989,R.TAWAR
284,933,347,929,350,986,282,985,ISI
361,931,387,933,384,985,361,985,2
442,929,549,930,549,985,441,983,4,500
53,998,84,998,84,1046,53,1046,1
97,990,153,989,151,1045,97,1045,NU
157,986,328,986,328,1041,157,1040,GREENTEA
337,987,429,985,428,1041,336,1042,ORGE
443,1041,552,1041,551,1102,442,1100,4,500
51,1107,84,1106,82,1159,51,1159,2
93,1099,227,1097,226,1153,94,1156,YAKULT
238,1096,304,1098,301,1149,240,1150,ISI
316,1098,344,1098,345,1150,315,1150,5
353,1097,423,1096,424,1151,355,1155,PCS
421,1158,548,1156,549,1213,422,1210,18,000
120,1274,224,1270,229,1322,119,1327,TOTAL
280,1324,524,1339,523,1393,275,1378,76,000
289,1210,317,1210,317,1262,291,1260,9
113,1385,285,1384,286,1442,110,1440,CASH
420,1393,547,1401,548,1452,419,1444,80,000
92,1441,226,1441,228,1497,93,1497,CHANGE
421,1454,526,1463,523,1513,417,1507,4,000
