298,770,380,770,380,802,298,802,SUB.
388,770,498,770,498,802,388,802,TOTAL
690,770,810,770,810,806,690,806,81,618
203,809,421,804,422,841,204,846,RESTAURANT
432,808,502,808,502,842,432,842,TAX
714,810,814,810,814,846,714,846,8,182
284,876,404,876,404,910,284,910,GRAND
414,876,526,876,526,912,414,912,TOTAL
632,912,820,912,820,962,632,962,90,000
155,920,337,913,338,947,156,954,~ MANDIRI
382,914,526,914,526,956,382,956,[90,000]
548,1036,675,1046,672,1083,545,1073,Change:
672,1042,694,1042,694,1078,672,1078,0
50,570,270,577,269,611,49,604,CARBONARA
280,578,376,581,375,612,279,609,UDON
614,582,634,582,634,610,614,610,1
705,576,823,572,824,606,706,610,49,091
48,606,126,606,126,638,48,638,EGG
136,602,345,611,343,648,134,639,TEMPURA [P]
614,614,636,614,636,642,614,642,1
728,610,825,605,827,640,730,645,8,182
46,640,112,640,112,672,46,672,EBI
120,640,280,643,279,676,119,673,TEMPURA
616,648,636,648,636,676,616,676,1
710,642,828,642,828,676,710,676,13,636
46,673,148,676,147,708,45,705,COLD
162,676,258,676,258,708,162,708,OCHA
616,680,638,680,638,708,616,708,1
711,675,831,675,831,709,711,709,10,909
