322,496,410,496,410,516,322,516,**PESAN**
322,540,410,540,410,560,322,560,**PESAN**
326,672,414,672,414,692,326,692,**PESAN**
286,452,296,452,296,470,286,470,1
310,449,355,452,353,472,308,469,OPEN
358,452,430,452,430,472,358,472,KITCHEN
483,452,557,448,558,472,484,475,102,000
320,474,382,474,382,494,320,494,MEDIUM
320,518,392,518,392,538,320,538,AYAMNYA
396,518,420,518,420,538,396,538,DI
424,518,486,518,486,538,424,538,FILLET
310,428,354,428,354,448,310,448,AYAM
358,430,382,430,382,450,358,450,GR
386,430,488,430,488,450,386,450,SALT&PAPER
284,566,294,566,294,582,284,582,1
310,562,354,562,354,582,310,582,TAHU
358,562,430,562,430,582,358,582,LAMPION
484,560,556,560,556,582,484,582,165,000
320,584,420,584,420,604,320,604,=*MEDIUM*=
312,606,356,606,356,626,312,626,FREE
360,606,412,606,412,626,360,626,BAKMI
414,604,468,604,468,624,414,624,ULTAH
288,632,300,632,300,650,288,650,1
314,628,358,628,358,648,314,648,OPEN
361,628,429,625,430,646,362,648,KITCHEN
540,628,556,628,556,646,540,646,0
324,650,386,650,386,670,324,670,MEDIUM
290,702,300,702,300,718,290,718,1
314,696,350,696,350,716,314,716,SUP
354,694,386,694,386,714,354,714,JGG
390,692,420,692,420,712,390,712,KPT
484,692,556,692,556,716,484,716,132,000
322,719,421,712,423,734,324,741,=*MEDIUM*=
288,748,300,748,300,766,288,766,1
312,742,357,739,359,761,314,764,AYAM
360,738,439,734,440,755,362,759,PANGGANG
484,735,558,738,557,761,483,759,168,000
284,768,300,768,300,788,284,788,2
312,765,385,759,387,782,314,788,CHINESE
388,760,414,760,414,780,388,780,TE
416,758,490,758,490,780,416,780,@14,000
492,760,558,760,558,782,492,782,28,000
284,792,300,792,300,812,284,812,2
322,787,395,782,397,804,324,810,KWAN'IM
286,818,298,818,298,834,286,834,1
310,812,377,805,379,827,312,834,LUMPIA
378,806,431,800,433,822,380,828,UDANG
494,804,560,804,560,826,494,826,71,000
320,832,421,825,423,846,322,853,=*MEDIUM*=
308,854,373,850,375,870,310,875,BUNCIS
376,849,413,846,415,867,378,870,BWG
416,846,452,846,452,868,416,868,PTH
456,846,480,846,480,866,456,866,/M
282,882,292,882,292,898,282,898,1
306,876,353,873,355,893,308,896,OPEN
356,872,431,867,433,890,358,895,KITCHEN
496,868,562,868,562,892,496,892,78,000
282,904,294,904,294,922,282,922,5
308,898,354,898,354,920,308,920,NASI
356,895,413,891,415,914,358,918,PUTIH
418,892,492,892,492,914,418,914,@10,000
496,892,562,892,562,914,496,914,50,000
310,996,357,992,359,1015,312,1018,FOOD
488,982,564,982,564,1006,488,1006,716,000
310,1019,405,1010,407,1034,312,1043,BEVERAGES
498,1006,564,1006,564,1030,498,1030,28,000
308,1044,376,1036,379,1059,310,1067,OTHERS
500,1028,564,1028,564,1052,500,1052,50,000
310,922,346,922,346,944,310,944,20%
312,944,358,944,358,968,312,968,DISC
358,943,415,939,417,962,360,966,ULTAH
488,935,574,938,573,961,487,959,143,200 -
308,1067,395,1058,397,1082,310,1091,SUBTOTAL
488,1052,564,1052,564,1074,488,1074,650,800
498,1074,566,1074,566,1098,498,1098,79,400
310,1090,346,1090,346,1112,310,1112,TAX
387,1106,453,1098,456,1121,391,1130,CHARGE
498,1098,566,1098,566,1120,498,1120,47,640
306,1114,385,1108,387,1132,308,1138,SERVICE
306,1138,373,1135,375,1169,308,1172,DUE
409,1127,554,1116,557,1156,412,1167,777,840
