130,706,148,706,148,734,130,734,1
174,702,270,702,270,732,174,732,Banana
278,700,326,700,326,729,278,730,Cho
334,700,354,700,354,722,334,722,+
362,696,436,696,436,726,362,726,NuTea
596,692,696,692,698,731,598,730,20,000
347,770,475,768,476,799,348,802,SubTotal:
586,772,680,772,680,804,586,804,20,000
418,808,478,808,478,838,418,838,PB1:
602,810,682,810,682,844,602,844,2,000
341,888,451,881,453,939,343,948,Total:
576,886,704,886,704,952,576,952,22,000
428,954,502,954,502,984,428,984,cash:
612,958,717,952,719,987,614,993,22.000
