112,756,168,756,168,782,112,782,KING
174,754,233,758,231,786,172,782,DEAL
238,755,322,759,321,789,236,784,CHEESE
330,758,415,763,413,792,328,787,BURGER
422,766,440,766,440,792,422,792,R
586,769,676,772,675,804,585,801,25,000
114,787,246,792,245,820,113,815,KINGBBOBPG
252,796,284,796,284,822,252,822,ML
290,796,336,796,336,824,290,824,REG
588,809,676,812,675,844,587,841,25.000
115,822,162,828,158,855,111,849,MED
168,828,222,828,222,856,168,856,ICED
230,830,298,830,298,858,230,858,LEMON
306,834,350,834,350,862,306,862,TEA
588,847,676,850,675,882,587,879,10,000
120,897,226,902,225,928,119,923,Subtotal
587,923,678,931,675,963,584,954,60.000
118,932,166,932,166,960,118,960,PB1
176,933,237,938,235,964,174,959,(10%)
600,966,676,969,675,1000,599,997,6,000
124,1002,182,1008,179,1033,121,1027,Dine
186,1008,216,1008,216,1036,186,1036,In
222,1010,291,1016,289,1043,220,1037,Total
586,1044,677,1050,675,1080,584,1074,66,000
128,1070,186,1076,183,1099,126,1093,Cash
532,1110,678,1125,674,1155,529,1140,Rp. 100.000
134,1138,214,1148,211,1171,131,1161,Change
546,1182,680,1198,676,1227,543,1211,Rp.34.000
