450,518,552,518,552,552,450,552,56,000
0,550,66,550,66,578,0,578,Tatal.
452,547,554,547,554,583,452,583,56,000
0,576,50,585,43,618,-5,609,Pay
52,580,126,580,126,610,52,610,Cash
132,574,230,574,230,612,132,612,60,000
348,585,473,592,471,626,346,619,Change :
468,588,550,588,550,622,468,622,4,000
0,518,108,518,108,550,0,550,ITEMS:
104,520,126,520,126,548,104,548,3
14,380,32,380,32,404,14,404,1
70,378,136,378,136,406,70,406,BBQ
140,378,246,378,246,406,140,406,Chicken
441,372,539,369,540,402,442,405,41,000
10,404,28,404,28,430,10,430,1
66,406,170,406,170,432,66,432,- Pedas
522,398,544,398,544,426,522,426,0
6,432,24,432,24,460,6,460,1
64,434,250,434,250,464,64,464,Mineral Water
252,432,306,432,306,462,252,462,600
308,432,346,432,346,460,308,460,ml
464,428,546,428,546,460,464,460,8,000
4,460,20,460,20,490,4,490,1
60,460,204,460,204,490,60,490,Teh Pucuk
208,460,304,460,304,490,208,490,350 ml
462,460,547,455,549,489,464,494,7,000
