238,444,288,444,288,466,238,466,Total
362,424,428,424,428,460,362,460,29,000
248,464,292,464,292,486,248,486,Cash
365,460,431,457,432,480,366,483,30,000
217,514,293,510,294,534,218,537,Kembali
380,507,437,504,439,529,382,532,1,000
68,628,84,628,84,652,68,652,2
90,626,158,626,158,650,90,650,Items,
58,282,68,282,68,298,58,298,1
100,280,132,280,132,300,100,300,KFC
136,282,194,282,194,302,136,302,Winger
198,280,220,280,220,300,198,300,HC
343,274,401,271,402,292,344,295,20,000
56,304,66,304,66,320,56,320,1
100,300,143,303,141,322,98,319,Rice
354,294,404,294,404,314,354,314,6,364
198,342,230,342,230,362,198,362,Sub
234,340,282,340,282,360,234,360,Total
347,336,405,333,406,355,348,358,26,364
177,394,241,391,242,410,178,413,F.Rest
246,392,270,392,270,410,246,410,10
276,394,286,394,286,406,276,406,%
363,387,417,383,418,403,364,407,2,636
