120,576,234,576,234,606,120,606,Original
246,575,358,578,357,608,245,604,Hugarian
366,578,398,578,398,606,366,606,Ku
118,612,194,612,194,640,118,640,25001
330,616,358,616,358,642,330,642,1x
446,616,533,620,531,649,445,645,20,000
582,618,663,624,661,655,580,649,20,000
120,650,234,650,234,680,120,680,Original
244,649,358,652,357,682,243,678,Hugarian
366,652,398,652,398,678,366,678,Ku
118,686,192,686,192,714,118,714,25001
328,688,356,688,356,714,328,714,1x
446,690,530,690,530,720,446,720,20,000
578,690,662,698,659,728,576,721,20,000
118,722,234,722,234,752,118,752,Original
244,722,356,722,356,750,244,750,Hugarian
364,724,396,724,396,750,364,750,Ku
116,758,190,758,190,788,116,788,25001
326,760,354,760,354,786,326,786,1x
444,762,528,762,528,792,444,792,20,000
574,764,663,768,661,799,573,795,20,000
113,798,229,794,230,826,114,829,Original
240,796,354,796,354,826,240,826,Hugarian
362,794,394,794,394,822,362,822,Ku
112,834,186,834,186,864,112,864,25001
324,834,354,834,354,860,324,860,1x
442,831,528,834,527,865,441,862,20,000
572,838,662,845,659,876,570,870,20,000
125,993,289,985,291,1018,126,1026,TOTAL:
511,983,678,998,675,1031,508,1016,80,000
106,914,142,914,142,944,106,944,No
152,912,186,912,186,942,152,942,of
191,910,307,910,307,942,191,942,Line(s):
306,908,324,908,324,938,306,938,4
360,906,454,906,454,938,360,938,Qty(s):
452,906,470,906,470,934,452,934,4
100,1107,206,1110,205,1138,99,1135,E-Money
568,1102,659,1108,657,1139,566,1134,80,000
