16,598,84,598,84,622,16,622,Total.
476,588,562,588,562,618,476,618,42,000
16,570,116,570,116,598,16,598,ITEMS:
116,572,130,572,130,594,116,594,1
13,624,131,621,132,652,14,654,Pay Cash
136,620,220,620,220,648,136,648,50.000
386,622,496,626,495,653,385,649,Change :
494,622,564,622,564,650,494,650,8,000
22,498,34,498,34,518,22,518,1
77,494,195,491,196,516,78,518,Seaweed
198,490,296,490,296,516,198,516,Chicken
472,486,558,486,558,514,472,514,42,000
22,522,34,522,34,546,22,546,1
78,520,174,520,174,544,78,544,- Pedas
546,510,564,510,564,536,546,536,0
476,562,562,562,562,590,476,590,42,000
