138,60,150,60,150,82,138,82,1
192,52,291,59,289,87,190,81,Crispy
300,52,353,56,351,87,298,83,Egg
364,54,428,54,428,80,364,80,Corn
546,47,646,50,645,83,545,81,42,000
138,94,152,94,152,118,138,118,1
194,90,248,90,248,118,194,118,Mun
258,90,324,90,324,118,258,118,Tofu
547,86,647,83,648,116,548,119,62,000
138,130,154,130,154,156,138,156,1
196,128,232,128,232,156,196,156,Go
242,124,323,129,321,159,240,153,Hiong
546,122,646,122,646,154,546,154,65,000
138,166,156,166,156,192,138,192,3
324,162,418,162,418,192,324,192,12,000
196,198,278,198,278,222,196,222,Steam
286,198,354,198,354,222,286,222,Rice
547,192,647,187,649,216,548,221,36,000
136,230,156,230,156,256,136,256,2
324,226,420,226,420,254,324,254,18,000
198,264,246,264,246,290,198,290,Ice
258,262,340,262,340,290,258,290,Lemon
350,260,402,260,402,286,350,286,Tea
548,256,651,250,653,283,550,288,36,000
294,370,360,370,360,398,294,398,Item
370,368,462,368,462,396,370,396,Total:
538,364,652,364,652,396,538,396,241,000
260,408,374,408,374,434,260,434,Service
386,404,462,404,462,432,386,432,7.5%:
554,400,650,400,650,432,554,432,18,075
338,440,392,440,392,468,338,468,PHR
404,440,464,440,464,468,404,468,10%:
552,436,652,436,652,468,552,468,25,908
372,474,464,474,464,502,372,502,Total:
535,472,647,468,648,500,536,503,284,983
142,754,224,754,224,782,142,782,DEBIT
236,752,288,752,288,780,236,780,BCA
514,744,626,744,626,774,514,774,284,983
628,850,648,850,648,874,628,874,0
141,866,257,861,258,889,142,894,CHANGES
