240,942,382,942,382,974,240,974,ROUNDING
688,962,710,962,710,982,688,982,O
218,782,234,782,234,810,218,810,1
250,780,338,789,335,820,247,811,White
348,789,439,794,437,823,346,818,Toast
590,798,710,798,710,834,590,834,20,000
245,858,387,870,384,904,242,892,SUBTQTAL
593,880,711,880,711,916,593,916,20,000
246,904,304,904,304,936,246,936,DUE
592,915,709,920,707,955,591,951,20,000
236,977,314,980,313,1008,235,1005,CASH
599,986,715,986,715,1020,599,1020,50,000
226,1013,345,1018,343,1066,224,1061,CHANGE
592,1024,726,1024,726,1096,592,1096,30,000
94,1155,186,1162,183,1198,91,1192,TOTAL
200,1163,267,1166,265,1203,198,1200,QTY
338,1176,356,1176,356,1206,338,1206,1
380,1176,463,1182,461,1216,378,1211,ITEM
516,1188,536,1188,536,1218,516,1218,1
552,1187,623,1190,621,1222,551,1219,PCS
