436,896,520,896,520,932,436,932,TOTAL
656,868,766,868,766,936,656,936,30,000
118,980,186,980,186,1014,118,1014,CASH
650,980,764,980,764,1016,650,1016,100.000
118,1020,234,1020,234,1054,118,1054,CHANGED
665,1022,765,1022,765,1056,665,1056,70,000
132,756,146,756,146,786,132,786,1
190,752,272,752,272,786,190,786,Lemon
284,752,334,752,334,784,284,784,Tea
348,750,402,750,402,786,348,786,(L).
652,752,750,752,750,786,652,786,25.000
128,792,144,792,144,824,128,824,1
186,790,270,790,270,824,186,824,Extra
282,788,364,788,364,824,282,824,Jelly
374,790,480,790,480,824,374,824,Lychee.
670,790,754,790,754,824,670,824,5,000
