44,188,62,188,62,218,44,218,1
70,184,132,187,131,220,68,217,TARO
462,196,542,196,542,228,462,228,18,182
70,258,182,258,182,292,70,292,Subtotal
460,264,540,264,540,296,460,296,18,182
66,292,140,292,140,324,66,324,PAJAK
148,294,194,294,194,326,148,326,10%
468,298,536,298,536,330,468,330,1,818
68,328,142,328,142,360,68,360,Total
458,332,538,332,538,364,458,364,20,000
68,400,184,400,184,432,68,432,Tendered
458,400,540,400,540,432,458,432,50,000
64,472,168,472,168,504,64,504,Kembali
452,468,540,468,540,500,452,500,-30,000
42,328,58,328,58,358,42,358,1
