264,268,277,268,278,292,264,292,1
276,267,315,269,314,292,275,292,Prs
320,266,410,266,410,296,319,295,Pangsit
414,264,490,264,490,290,414,290,Delima
612,260,688,260,688,290,611,291,27,000
265,296,278,296,278,322,265,322,1
277,295,316,296,315,322,275,321,Prs
320,296,398,296,397,325,320,326,Lumpia
402,296,444,296,444,326,402,324,Udg
448,296,468,296,468,320,448,320,K
472,294,502,294,501,320,471,320,Th
611,292,687,289,688,320,612,323,30,000
265,328,278,328,279,352,265,353,1
276,327,316,328,316,352,276,352,Prs
322,328,352,328,352,352,322,352,Ha
356,322,415,324,413,352,356,353,Kaou
415,322,473,322,472,356,418,356,Udng
612,322,688,322,688,352,612,352,28,000
265,357,279,356,280,383,266,385,1
277,356,316,358,316,384,277,385,Prs
322,358,402,358,400,388,322,386,Cheong
404,358,449,356,449,384,404,384,Fen
449,355,490,353,492,387,449,388,Udg
613,354,689,351,690,380,613,385,35,000
264,388,280,386,281,414,264,414,2
279,389,317,388,316,414,277,415,Prs
322,388,398,388,398,414,322,414,Hatosi
406,388,504,388,504,412,406,413,Rambutan
616,384,690,384,690,413,616,414,60,000
264,420,279,419,279,444,267,445,1
278,419,318,420,318,444,277,444,Prs
322,416,367,419,365,444,322,443,Sio
371,415,412,422,408,450,366,443,May
416,418,494,418,494,448,416,448,Kpting
613,414,691,411,692,444,614,447,23,500
266,450,281,449,281,474,266,474,1
278,450,317,450,317,476,278,476,Prs
324,448,367,452,365,475,322,474,Kwo
372,448,414,448,414,474,372,474,Tie
420,448,484,448,484,474,420,474,Jala2
616,444,692,444,694,474,616,475,50,000
266,480,282,481,282,505,266,506,1
280,480,318,480,318,506,278,507,Prs
324,480,412,480,412,504,324,505,Pancake
418,480,498,480,498,504,418,504,Durian
616,474,694,474,694,504,616,504,32,000
267,510,281,509,281,536,266,536,1
279,510,318,512,318,536,278,536,Prs
326,510,366,510,366,536,326,536,Mie
374,510,402,510,402,536,374,536,Gr
408,510,448,510,448,540,408,538,Udg
454,510,506,510,506,534,454,534,Gala
617,506,693,503,694,534,618,537,65,000
269,542,283,543,282,566,269,567,1
279,540,319,543,319,568,280,567,Prs
326,542,402,542,402,566,326,567,Lamien
408,540,472,543,470,573,407,565,Udang
480,542,494,542,494,566,480,566,T
618,536,694,536,694,566,618,566,46,000
269,573,283,571,282,596,269,598,1
279,572,320,574,320,596,280,597,Prs
326,574,402,574,402,596,326,596,Lamien
408,572,450,572,450,600,408,598,Aym
454,570,508,570,508,594,454,594,Ktsu
619,568,695,565,697,593,620,597,46,000
269,602,283,601,282,627,267,626,1
279,601,318,602,318,626,277,627,Prs
326,602,354,602,354,624,326,624,Ns
360,599,415,602,413,631,358,628,Pgng
420,598,448,598,449,629,420,628,Kj
456,600,486,600,486,626,456,626,Sp
620,594,698,594,699,622,622,624,55,000
267,632,282,631,282,658,266,657,1
279,632,320,632,320,658,279,658,Prs
324,632,367,629,370,655,326,657,Kwt
374,630,440,630,440,654,373,655,Polos
446,628,488,628,488,652,447,653,Mdn
624,624,702,624,702,652,624,653,23,500
268,665,282,664,282,688,268,689,1
279,664,320,664,320,688,279,688,Prs
326,662,344,662,344,687,327,687,N
350,662,392,662,392,691,349,691,Aym
396,660,476,660,476,684,397,685,Hainam
482,658,510,658,511,683,482,684,Jl
625,654,703,651,705,681,626,685,39,000
268,694,282,693,282,720,268,720,1
281,693,320,695,320,720,280,722,Pot
328,692,416,692,416,718,328,718,Chinese
424,690,466,690,466,716,424,716,Tea
628,684,706,684,706,714,630,717,35,000
268,726,283,725,283,751,268,752,1
280,723,322,723,322,751,281,753,Gls
328,726,370,726,370,750,328,752,Ice
374,724,442,724,442,750,374,750,Lemon
448,722,490,722,490,747,449,748,Tea
629,716,707,713,711,745,631,750,16,000
270,758,285,758,285,785,270,785,2
283,758,322,755,322,784,283,785,Btl
327,758,417,755,420,781,327,783,Mineral
424,754,490,754,490,779,424,779,Water
632,748,710,748,710,778,632,778,18,000
438,816,542,816,542,844,438,846,Subtotal
621,814,715,811,716,844,621,846,629,000
368,854,458,854,457,879,368,880,Service
464,850,544,854,543,883,463,880,Charge
636,846,716,846,716,878,636,878,31,450
490,884,520,884,520,910,490,910,Pb
528,884,544,884,544,911,528,910,1
638,880,718,880,719,912,638,914,66,045
478,916,546,916,548,944,479,945,Total
625,914,719,911,721,946,628,946,726,495
438,952,548,952,548,996,437,997,Balance
615,950,729,947,733,1004,617,1007,726,500
420,1010,488,1010,488,1036,419,1038,Total
496,1010,550,1010,550,1036,496,1036,Item
696,1008,726,1008,726,1034,696,1034,17
434,1044,502,1044,502,1070,434,1070,Total
508,1044,550,1044,551,1076,508,1074,Qty
696,1042,728,1042,728,1070,696,1070,19
