160,490,270,490,270,518,160,518,ELEPHANT
278,492,334,492,334,520,278,520,READ
342,494,400,494,400,522,342,522,BEAN
270,526,282,526,282,550,270,550,1
408,526,488,526,488,554,408,554,12,000
546,528,626,528,626,556,546,556,12,000
162,554,258,554,258,580,162,580,chapsal
266,554,360,554,360,582,266,582,twister
368,555,448,558,447,584,367,581,donnut
270,586,282,586,282,610,270,610,1
408,586,486,586,486,614,408,614,10,000
544,588,622,588,622,616,544,616,10,000
254,644,382,646,381,694,253,691,TOTAL
468,648,622,648,622,698,468,698,22,000
252,694,308,694,308,722,252,722,CASH
542,698,624,698,624,726,542,726,22,000
252,728,406,728,406,776,252,776,CHANGE
592,730,620,730,620,778,592,778,0
164,666,182,666,182,692,164,692,2
