98,448,112,448,112,469,98,469,1
119,444,156,444,156,469,119,469,NEW
162,444,207,444,207,467,162,467,BEEF
214,442,313,442,313,467,214,467,SPAGHETTI
393,442,464,442,464,472,393,472,38,182
98,476,112,476,112,496,98,496,1
118,472,155,472,155,496,118,496,P/P
162,470,250,470,250,495,162,495,AMERICAN
256,470,292,470,292,494,256,494,FAV
392,473,464,473,464,501,392,501,29,091
98,504,113,504,113,525,98,525,1
119,500,178,500,178,525,119,525,PAKET
184,498,240,498,240,524,184,524,HAPPY
246,498,293,498,293,523,246,523,HOUR
394,502,466,502,466,530,394,530,27,273
141,530,156,530,156,551,141,551,1
162,526,230,526,230,551,162,551,GARLIC
236,526,292,526,292,551,236,551,BREAD
142,558,157,558,157,580,142,580,1
162,554,231,554,231,580,162,580,DILMAH
236,554,314,554,314,580,236,580,ENGLISH
320,556,356,556,356,582,320,582,TEA
226,610,314,610,314,635,226,635,SUBTOTAL
396,614,468,614,468,643,396,643,94,546
278,640,315,640,315,664,278,664,TAX
406,642,466,642,466,672,406,672,9,454
122,692,228,692,228,732,122,732,TOTAL
312,694,466,699,465,749,311,745,104,000
