148,600,170,600,170,640,148,640,1
185,590,316,600,312,649,181,639,MANGGO
324,598,488,602,487,649,323,646,SMOOTHIE
762,595,889,588,891,633,765,640,20,909
186,702,350,702,350,746,186,746,Subtotal
763,696,891,694,892,741,764,744,20,909
186,754,296,754,296,800,186,800,PAJAK
308,756,374,756,374,798,308,798,10%
781,749,889,746,890,793,782,796,2,091
150,806,294,806,294,852,150,852,1 Total
764,800,892,800,892,844,764,844,23,000
189,909,317,907,318,953,190,956,T-CASH
767,902,895,900,896,947,768,950,23.000
