212,464,232,464,232,484,212,484,x
212,536,230,536,230,556,212,556,x
212,606,230,606,230,628,212,628,x
212,680,230,680,230,700,212,700,x
210,752,230,752,230,774,210,774,x
151,424,393,424,393,448,151,448,SPECIALTY COMBO
156,462,170,462,170,484,156,484,1
248,460,330,460,330,486,248,486,25,000
598,462,678,462,678,488,598,488,25,000
152,494,424,494,424,518,152,518,*SOURCREAMONION*
156,534,168,534,168,554,156,554,1
248,530,266,530,266,554,248,554,0
660,530,680,530,680,552,660,552,0
152,564,340,564,340,590,152,590,*LEMONADER*
156,606,168,606,168,628,156,628,1
248,602,316,602,316,628,248,628,5,000
618,598,682,598,682,624,618,624,5,000
149,636,367,633,368,660,150,664,BOTTLED WATER
154,678,168,678,168,700,154,700,1
246,674,266,674,266,698,246,698,0
666,668,684,668,684,692,666,692,0
150,708,326,708,326,736,150,736,*ADES300ML*
154,752,166,752,166,774,154,774,1
246,746,316,746,316,774,246,774,5,000
622,740,690,740,690,766,622,766,5,000
120,804,178,804,178,832,120,832,SUB
179,803,269,801,270,829,180,832,TOTAL
610,792,692,792,692,820,610,820,35,000
119,883,307,879,308,908,120,912,GRAND TOTAL
612,870,692,870,692,898,612,898,35,000
117,943,247,938,248,965,118,971,CASHIDR
612,926,692,926,692,952,612,952,50,000
614,980,692,980,692,1004,614,1004,15,000
117,1002,297,993,299,1021,118,1030,CHANGE DUE
