120,719,214,719,214,757,120,757,TOTAL
594,718,708,718,708,756,594,756,36,300
124,766,266,766,266,802,124,802,CASH
592,760,704,760,704,796,592,796,50,000
124,808,236,808,236,842,124,842,CHANGE
594,800,700,800,700,832,594,832,13,700
324,580,506,580,506,618,324,618,1.00xITEMS
124,538,182,538,182,574,124,574,PKT
194,538,271,535,272,571,196,574,AYAM
594,534,710,534,710,574,594,574,33,000
122,626,408,626,408,666,122,666,SUBTOTAL
594,628,710,628,710,666,594,666,33,000
120,674,178,674,178,712,120,712,TAX
196,674,252,674,252,712,196,712,10%
612,674,710,674,710,712,612,712,3,300
