246,1046,344,1046,344,1070,246,1070,TOTAL
492,1046,566,1046,566,1070,492,1070,237,997
244,1070,326,1070,326,1094,244,1094,CASH
492,1070,566,1070,566,1096,492,1096,300,000
244,1094,366,1094,366,1120,244,1120,CHANGE
502,1094,568,1094,568,1120,502,1120,62,003
342,1022,456,1022,456,1046,342,1046,23.00xITEMs
244,924,326,924,326,948,244,948,SUBTOTAL
488,922,562,922,562,948,488,948,216,361
242,950,268,950,268,972,242,972,PB
276,952,288,952,288,972,276,972,1
294,950,328,950,328,972,294,972,10%
489,947,563,945,564,969,490,972,10.000%
244,974,308,974,308,996,244,996,AMOUNT
498,972,564,972,564,996,498,996,21,636
244,330,268,330,268,350,244,350,2X
384,326,444,326,444,348,384,348,@10000
244,350,286,350,286,372,244,372,AYAM
486,344,548,344,548,368,486,368,20,000
244,374,268,374,268,394,244,394,2X
384,370,444,370,444,392,384,392,@10000
244,394,296,394,296,416,244,416,DONAT
300,394,342,394,342,416,300,416,AYAM
486,390,548,390,548,414,486,414,20,000
246,418,268,418,268,438,246,438,1X
386,416,446,416,446,438,386,438,@17727
244,440,286,440,286,462,244,462,ROTI
292,440,344,440,344,460,292,460,SISIR
488,436,548,436,548,458,488,458,17,727
244,462,268,462,268,484,244,484,3X
386,460,438,460,438,482,386,482,@9545
244,484,306,484,306,506,244,506,BANANA
310,484,362,484,362,506,310,506,SPLIT
488,480,550,480,550,504,488,504,28,635
244,508,268,508,268,528,244,528,4X
386,506,448,506,448,526,386,526,@10000
244,528,352,528,352,550,244,550,DONATCOKLAT
490,526,550,526,550,548,490,548,40,000
246,552,268,552,268,572,246,572,1X
386,550,438,550,438,570,386,570,@8636
244,574,296,574,296,596,244,596,TIGER
300,574,342,574,342,594,300,594,ROLL
348,572,382,572,382,594,348,594,PTG
498,571,551,568,553,591,500,594,8,636
244,598,266,598,266,618,244,618,1X
386,594,440,594,440,616,386,616,@6818
240,619,303,616,304,639,242,642,MARMER
310,618,352,618,352,640,310,640,CAKE
356,618,390,618,390,638,356,638,PTG
500,616,554,616,554,638,500,638,6,818
244,642,266,642,266,664,244,664,1X
386,640,440,640,440,662,386,662,@ 5909
242,666,286,666,286,688,242,688,BOLU
288,664,342,664,342,686,288,686,HAWAI
346,662,390,662,390,686,346,686,PTNG
502,660,556,660,556,684,502,684,5,909
242,688,266,688,266,710,242,710,1X
386,686,440,686,440,708,386,708,@6818
242,710,306,710,306,734,242,734,BANANA
310,710,354,710,354,732,310,732,CAKE
358,710,392,710,392,732,358,732,PTG
502,706,558,706,558,730,502,730,6,818
242,734,268,734,268,756,242,756,2X
388,732,442,732,442,754,388,754,@8182
242,756,326,756,326,780,242,780,MANDARIN
330,756,374,756,374,778,330,778,CAKE
378,756,412,756,412,778,378,778,PTG
496,754,558,754,558,778,496,778,16,364
244,782,268,782,268,804,244,804,2X
388,778,452,778,452,802,388,802,@16818
244,804,298,804,298,828,244,828,LAPIS
302,802,384,802,384,826,302,826,SURABAYA
388,802,422,802,422,824,388,824,PTG
496,800,560,800,560,824,496,824,33,636
244,830,268,830,268,852,244,852,1X
388,826,452,826,452,850,388,850,@11818
244,852,288,852,288,876,244,876,CAKE
292,852,336,852,336,874,292,874,PITA
498,848,560,848,560,874,498,874,11,818
244,878,268,878,268,900,244,900,2X
390,874,414,874,414,896,390,896,@0
242,900,316,900,316,924,242,924,PLASTIK
322,898,394,898,394,922,322,922,TENTENG
398,898,454,898,454,922,398,922,KECIL
548,900,562,900,562,920,548,920,0
