146,630,184,630,184,654,146,654,DUE
446,622,518,622,518,646,446,646,44,999
146,656,196,656,196,680,146,680,CASH
448,648,518,648,518,672,448,672,45,000
146,683,217,681,219,719,148,722,CHANGE
500,676,518,676,518,714,500,714,0
144,576,236,576,236,602,144,602,SUBTOTAL
446,568,518,568,518,594,446,594,40,909
144,604,182,604,182,630,144,630,PB1
190,604,228,604,228,628,190,628,10%
456,596,518,596,518,620,456,620,4,090
82,530,94,530,94,550,82,550,1
100,526,170,526,170,552,100,552,KOREAN
176,524,236,524,236,550,176,550,CURRY
240,524,258,524,258,546,240,546,M
446,516,516,516,516,542,446,542,40,909
