244,512,260,512,260,532,244,532,x
60,482,138,482,138,508,60,508,271004
142,480,192,480,192,506,142,506,DORI
198,480,272,480,272,506,198,506,SAMBAL
278,478,340,478,340,504,278,504,MATAH
348,478,382,478,382,504,348,504,1+1
226,512,236,512,236,534,226,534,1
312,506,374,506,374,532,312,532,29000
446,504,520,504,520,534,446,534,29,000
60,568,128,568,128,594,60,594,NETTO.
450,562,524,562,524,590,450,590,29,000
60,598,100,598,100,624,60,624,PB1
108,596,170,596,170,626,108,626,(10%)
462,592,524,592,524,620,462,620,2,900
60,656,122,656,122,682,60,682,TOTAL
128,654,202,654,202,682,128,682,BAYAR.
451,650,525,647,526,676,452,679,31,900
