188,526,212,526,212,550,188,550,x
110,472,502,472,502,506,110,506,ALMOND CREAM CHEESE
114,518,132,518,132,546,114,546,1
232,518,333,521,331,555,231,551,28,000
674,516,776,516,776,550,674,550,28,000
76,586,150,586,150,616,76,616,SUB
152,586,260,586,260,618,152,618,TOTAL
675,583,777,579,779,612,676,616,28,000
74,682,308,682,308,714,74,714,GRAND TOTAL
677,675,783,672,784,707,678,710,28,000
71,756,233,751,234,785,72,789,CASH IDR
681,745,785,745,785,779,681,779,30,000
69,829,219,825,220,860,70,864,CHANGE
224,824,296,824,296,858,224,858,DUE
702,816,788,816,788,850,702,850,2,000
