360,824,397,822,397,872,359,873,5
416,816,521,814,523,866,410,871,AQUA
542,813,670,808,676,857,542,862,600ML
1185,770,1345,758,1354,812,1186,825,35,000
367,872,390,871,390,922,368,920,1
413,870,550,862,550,914,411,920,BIHUN
566,862,726,852,730,904,569,911,GORENG
748,850,932,844,938,894,750,903,SPECIAL
1188,822,1352,812,1357,863,1191,874,41,000
366,923,386,921,386,970,366,968,1
411,918,549,912,549,964,408,968,BIHUN
569,908,706,903,706,956,568,961,MASAK
721,901,834,896,837,949,723,956,KUAH
1192,870,1356,860,1361,914,1194,924,38,000
364,970,386,971,386,1020,365,1019,1
412,968,468,964,468,1016,412,1017,ES
488,963,679,956,679,1003,484,1014,ALPUKAT
1197,922,1359,914,1367,967,1205,974,18,000
358,1019,390,1017,389,1068,358,1069,5
410,1015,467,1013,468,1067,410,1069,ES
487,1012,573,1008,578,1062,492,1063,TEH
591,1008,731,1003,732,1052,593,1060,MANIS
1199,975,1365,968,1372,1014,1201,1025,30,000
363,1068,383,1068,383,1120,364,1120,1
409,1067,467,1064,467,1116,410,1119,ES
488,1060,574,1058,578,1111,495,1113,THE
594,1057,734,1053,734,1110,598,1111,TAWAR
1231,1024,1368,1016,1376,1069,1233,1076,4,000
361,1123,381,1120,380,1173,360,1171,1
411,1116,579,1109,575,1165,414,1170,IFUMIE
1204,1076,1374,1067,1381,1121,1211,1133,43,000
360,1173,380,1173,380,1223,360,1223,1
414,1171,555,1162,552,1218,409,1222,JUICE
569,1162,758,1150,761,1206,564,1217,ALPUKAT
1212,1131,1377,1118,1386,1174,1208,1187,20,000
360,1229,379,1223,381,1277,362,1275,1
412,1222,553,1215,553,1270,408,1276,JUICE
569,1215,840,1200,844,1255,567,1270,STRAWBERRY
1214,1186,1383,1170,1390,1230,1218,1243,21,000
360,1279,378,1276,377,1329,360,1328,1
405,1276,605,1267,603,1320,404,1327,KWETIAW
651,1265,793,1259,794,1313,652,1319,SIRAM
809,1254,920,1247,930,1309,815,1315,SAPI
1218,1237,1395,1227,1395,1284,1217,1296,43,000
358,1332,378,1331,377,1384,358,1383,1
408,1327,606,1321,603,1374,405,1383,KWETIAW
650,1318,796,1310,798,1369,652,1372,SIRAM
814,1311,901,1308,907,1362,811,1365,SEA
1221,1292,1392,1284,1400,1340,1224,1348,45,000
356,1383,377,1383,376,1436,357,1437,1
401,1384,603,1373,605,1430,400,1439,KWETIAW
625,1370,795,1367,798,1420,625,1430,GORENG
817,1365,925,1360,929,1416,816,1421,SAPI
1223,1346,1399,1341,1406,1393,1225,1406,45,000
350,1440,383,1438,382,1493,350,1494,2
407,1432,607,1429,605,1484,404,1494,KWETIAW
624,1427,795,1418,796,1476,625,1484,GORENG
815,1420,900,1416,910,1475,818,1476,SEA
1229,1400,1401,1392,1407,1448,1230,1460,90,000
349,1493,384,1492,382,1551,349,1551,2
405,1490,495,1489,496,1544,402,1545,MIE
513,1487,687,1480,689,1538,514,1539,GORENG
706,1478,903,1475,913,1530,712,1538,SPECIAL
1228,1456,1408,1453,1417,1505,1234,1516,82,000
352,1550,375,1550,374,1606,352,1605,1
405,1547,631,1538,637,1594,402,1603,MPEKMPEK
652,1538,691,1535,686,1595,654,1595,K
708,1535,854,1528,858,1587,708,1591,SELAM
1238,1515,1412,1506,1419,1565,1239,1574,20,000
353,1607,374,1607,374,1662,355,1663,1
403,1605,635,1595,635,1653,402,1661,MPEKMPEK
652,1593,828,1587,833,1645,652,1653,LENJER
1239,1572,1419,1565,1427,1623,1244,1632,20,000
348,1664,381,1661,381,1720,348,1721,2
406,1659,515,1656,517,1715,402,1718,NASI
543,1656,720,1651,720,1708,546,1715,GORENG
739,1648,940,1639,945,1699,740,1706,SPECIAL
1246,1629,1422,1624,1426,1683,1247,1690,82,000
349,1722,378,1720,380,1778,349,1779,3
404,1716,495,1714,498,1774,405,1776,TEH
516,1716,662,1709,665,1768,516,1771,MANIS
683,1705,835,1702,833,1762,683,1767,PANAS
1249,1688,1430,1681,1437,1737,1254,1750,18,000
348,1779,380,1779,379,1837,348,1838,2
408,1774,497,1773,497,1833,406,1834,TEH
515,1770,663,1768,667,1827,520,1829,TAWAR
1278,1745,1434,1739,1438,1799,1279,1808,4,000
353,1837,373,1835,375,1894,353,1893,1
403,1831,557,1830,556,1890,408,1889,YAMIN
568,1829,693,1821,695,1882,572,1888,BASO
717,1824,830,1814,836,1876,717,1883,SAPI
1252,1806,1436,1795,1440,1856,1260,1867,30,000
351,1895,377,1895,378,1951,352,1953,1
400,1889,557,1885,556,1954,407,1954,YAMIN
570,1884,780,1878,781,1943,574,1949,PANGSIT
801,1875,950,1870,958,1932,800,1940,REBUS
1257,1862,1440,1858,1444,1920,1264,1922,31,000
407,2007,640,2003,644,2064,407,2071,SUBTOTAL
1238,1977,1449,1973,1452,2035,1241,2043,760,000
400,2066,494,2069,496,2133,402,2138,PB1
1270,2036,1449,2032,1459,2099,1273,2101,76,000
407,2182,697,2177,704,2243,413,2251,TOTAL
1041,2157,1461,2147,1466,2217,1049,2229,836,000
