94,702,136,702,136,738,94,738,NB
150,698,230,698,230,738,150,738,AYAM
578,686,698,686,698,724,578,724,41.818
89,750,207,747,208,786,90,789,TEH/ES
222,746,284,746,284,784,222,784,TEH
296,744,396,744,396,782,296,782,MANIS
600,740,700,740,700,778,600,778,7.727
80,842,124,842,124,880,80,880,PB
142,842,160,842,160,878,142,878,1
604,832,708,832,708,870,604,870,4,955
78,890,178,890,178,932,78,932,TOTAL
586,882,710,882,710,922,586,922,54,500
73,938,271,935,272,979,74,983,BAYAR
569,932,713,932,713,972,569,972,100.000
70,990,196,990,196,1032,70,1032,CHANGE
588,982,716,982,716,1024,588,1024,45.500
293,789,491,785,492,825,294,829,2.00xITEMS
