80,804,177,800,179,843,82,847,SATE
196,800,242,800,242,842,196,842,T1
662,809,806,813,805,859,661,856,40,000
80,856,265,850,266,895,82,901,SUBTOTAL
662,862,807,868,805,916,660,910,40,000
82,912,132,912,132,954,82,954,PB
154,910,176,910,176,948,154,948,1
200,906,266,906,266,948,200,948,10%
684,922,804,922,804,968,684,968,4,000
89,960,301,955,302,1001,90,1006,TOTAL
660,970,805,977,803,1022,658,1015,44,000
84,1016,259,1008,261,1051,86,1059,CASH
660,1021,803,1029,800,1075,658,1067,50,000
85,1063,345,1059,346,1105,86,1110,CHANGE
680,1075,800,1078,799,1126,679,1123,6,000
