145,412,229,412,229,444,145,444,Pork
270,410,377,410,377,443,270,442,Belly
397,408,517,408,517,434,397,436,Cheese
535,400,640,397,640,429,533,430,Fries
148,446,249,447,250,475,148,475,65,000
398,444,415,444,415,465,398,465,1
478,437,573,435,574,464,477,464,65,000
148,484,361,482,362,514,147,519,Reflection
380,482,557,477,558,510,380,516,Sparkling
153,521,254,519,255,547,152,547,20,000
400,515,416,516,418,536,402,537,1
477,509,573,509,573,536,477,536,20,000
155,555,219,555,221,588,155,589,Hot
238,556,346,551,348,587,239,587,Black
363,549,462,549,462,580,363,580,Cofee
158,590,260,590,260,617,158,617,30,000
406,584,421,584,421,605,406,605,1
483,579,572,579,572,606,483,606,30,000
159,629,243,627,243,658,158,658,Nasi
265,622,389,621,389,655,265,657,Campur
408,619,468,619,468,645,408,645,ala
483,616,558,616,558,646,483,646,Bali
162,660,265,658,266,689,163,691,75,000
406,652,424,652,424,674,406,674,2
486,647,589,647,589,673,486,673,150,000
166,699,331,689,333,720,167,731,Oriental
352,685,509,683,511,717,354,719,"Ketjap"
524,683,599,686,598,713,523,713,Pork
616,686,701,686,701,719,616,719,Rice
170,738,267,731,269,756,170,768,55,000
411,720,427,720,427,742,411,742,1
490,716,577,717,578,743,490,741,55,000
175,834,304,819,309,842,178,863,SUBTOTAL
493,803,598,805,598,831,492,829,320,000
180,875,291,859,294,883,178,902,SERVICE
495,839,586,839,586,864,495,864,16,000
183,911,230,911,230,940,183,943,Pb1
496,873,586,873,586,898,496,898,33,600
185,991,296,963,304,993,188,1018,VOUCHER
498,938,514,938,514,961,498,960,0
187,1032,271,1010,274,1035,189,1057,GRAND
283,1006,361,985,364,1011,290,1032,TOTAL
500,965,607,965,606,998,500,996,369,600
