72,344,266,344,266,368,72,368,ORIGINAL NO SALT
74,378,86,378,86,398,74,398,1
150,374,218,374,218,398,150,398,12,000
448,370,518,370,518,394,448,394,12,000
46,420,96,420,96,444,46,444,SUB
94,420,166,420,166,442,94,442,TOTAL
450,414,520,414,520,438,450,438,12,000
42,482,197,482,197,508,42,508,GRAND TOTAL
452,478,524,478,524,502,452,502,12,000
40,532,146,532,146,556,40,556,CASH IDR
454,528,528,528,528,552,454,552,52,000
38,580,186,580,186,606,38,606,CHANGE DUE
456,578,530,578,530,602,456,602,40,000
