322,1554,849,1558,850,1666,317,1669,BULGOGI
323,1675,902,1683,912,1804,316,1805,JEONGSIK
1563,1563,1641,1556,1645,1679,1554,1678,1
1831,1562,2275,1557,2264,1678,1832,1698,150,000
329,1815,477,1818,482,1926,327,1925,EL
496,1814,825,1817,829,1922,486,1924,KEUN
331,1925,978,1929,980,2054,328,2055,HWANGTAE
1563,1822,1629,1818,1638,1925,1565,1931,1
1835,1815,2264,1814,2266,1939,1831,1947,130,000
312,2061,1453,2060,1445,2208,307,2196,SUNDUBU(TUKBEGI)
324,2190,802,2195,800,2307,310,2317,GYERAN
812,2195,1053,2199,1041,2304,807,2302,CIM
1559,2202,1640,2200,1637,2315,1563,2326,1
1899,2193,2271,2192,2268,2328,1887,2330,45,000
329,2387,552,2386,553,2503,324,2511,Sub
559,2388,827,2388,829,2508,562,2506,Total
1837,2384,2278,2382,2280,2515,1826,2529,325,000
338,2521,714,2526,714,2638,329,2649,Service
1904,2529,2271,2531,2271,2665,1888,2674,22,750
329,2647,531,2649,539,2765,326,2768,Tax
1897,2652,2291,2662,2296,2788,1893,2805,34,600
335,2774,785,2779,789,2896,325,2900,Discount
2188,2807,2269,2804,2274,2908,2191,2913,0
317,2997,716,3002,722,3119,331,3128,TOTAL
1823,2992,2289,2996,2291,3145,1831,3143,382,350
320,3129,602,3125,604,3252,316,3258,Card
1844,3155,2296,3152,2303,3291,1831,3303,382,350
306,3342,927,3347,927,3519,313,3508,CHANGE
2181,3388,2273,3388,2281,3525,2177,3524,0
