366,2124,413,2124,413,2193,366,2193,1
474,2127,710,2138,707,2207,471,2196,Peanut
733,2137,780,2137,780,2210,733,2210,&
803,2136,1031,2147,1027,2220,799,2209,Cheese
1562,2173,1793,2180,1791,2258,1559,2251,13,636
867,2613,1155,2623,1150,2768,862,2758,Total:
1488,2636,1756,2657,1746,2828,1477,2811,15,000
1080,2797,1273,2805,1270,2872,1077,2865,cash:
1549,2819,1785,2827,1782,2910,1546,2902,20,000
970,2888,1232,2906,1227,2981,964,2962,Change:
1548,2905,1744,2918,1744,3006,1550,3000,5,000
901,2330,1236,2348,1232,2420,897,2401,SubTotal:
1519,2362,1751,2372,1747,2455,1515,2444,13,636
1076,2432,1235,2441,1231,2517,1071,2508,PB1:
1544,2461,1740,2461,1740,2542,1544,2542,1,364
