96,452,122,452,122,488,96,488,3
136,454,218,454,218,490,136,490,MILK
230,454,352,454,352,492,230,492,PASTRY
364,454,446,454,446,492,364,492,ROLL
664,456,787,451,788,493,666,498,27,000
94,494,120,494,120,530,94,530,4
132,490,276,495,275,534,131,529,REDBEAN
288,494,390,494,390,534,288,534,BREAD
667,498,791,495,792,537,668,541,36,000
88,538,116,538,116,572,88,572,2
130,538,312,538,312,578,130,578,FRANKFRUT
326,537,466,540,465,580,325,578,SAUSAGE
480,539,563,543,561,583,478,579,ROLL
672,540,796,540,796,584,672,584,24,000
122,625,330,628,329,704,120,701,TOTAL
559,631,807,631,807,713,559,713,87,000
116,701,291,705,289,781,114,777,CARD
564,708,818,708,818,794,564,794,87,000
