68,410,82,410,82,432,68,432,1
90,409,203,418,201,443,88,434,Gado-Gado
446,412,530,412,530,442,446,442,29,090
86,459,191,465,189,492,84,486,SUBTOTAL
448,462,532,462,532,492,448,492,29,090
86,485,129,488,127,515,84,511,PB1
136,490,180,490,180,516,136,516,10%
462,490,533,486,535,517,464,520,2,909
84,537,210,540,209,569,83,566,TOTAL
382,542,536,542,536,574,382,574,32,000
78,592,136,592,136,620,78,620,CASH
442,596,542,596,542,626,442,626,100,000
78,620,161,626,159,652,76,645,Change
458,624,544,624,544,654,458,654,68,000
