200,406,315,405,315,434,198,434,SOGOGI
318,406,451,404,452,433,320,434,JAPCHAE
511,406,532,406,532,433,508,434,2
581,404,686,404,686,434,581,434,320,000
200,440,287,440,287,464,200,464,GONG
294,440,380,440,380,464,293,465,GIBAB
511,440,528,440,529,464,511,464,6
578,436,686,437,686,468,582,468,120,000
197,470,319,470,320,499,198,497,GYERAN
323,471,396,472,398,497,324,498,MARI
507,472,530,473,530,498,508,498,2
666,471,686,472,685,497,665,496,0
198,502,255,503,255,530,197,528,JEK
259,504,340,503,340,530,259,530,SEOK
341,502,421,503,421,531,343,530,TEOK
200,536,269,535,269,563,199,562,POKI
269,534,310,534,312,570,270,568,(S)
512,504,527,504,527,530,511,530,1
581,501,686,502,687,533,581,534,115,000
200,568,214,568,214,583,199,582,*
210,567,338,567,339,597,211,595,MINERAL
338,567,442,568,447,597,340,597,WATER
511,569,528,569,527,596,512,596,1
595,567,686,567,686,597,595,597,13,000
199,600,236,600,238,627,199,626,EL
240,599,323,600,322,629,240,627,KEUN
199,630,364,630,364,661,196,659,HWANGTAE
198,666,339,663,337,691,198,691,SUNDUBU
336,663,478,662,478,699,334,699,(TUKBEGI)
512,600,528,600,530,628,509,627,2
582,602,684,602,684,629,582,629,260,000
199,695,261,695,260,723,199,722,DAK
264,696,348,698,350,724,265,723,GANG
356,696,449,696,453,723,353,723,JEONG
510,698,528,696,531,725,508,724,2
580,698,686,697,686,727,577,728,380,000
197,726,281,728,281,755,197,754,YANG
287,728,388,728,387,755,285,754,NYEOM
393,729,456,729,456,756,392,754,SAM
197,758,302,760,303,788,197,787,GYEOP
307,761,361,760,364,787,306,787,SAL
511,730,526,729,525,756,511,754,1
580,727,683,729,685,760,580,760,120,000
197,792,332,792,331,820,196,821,PREMIUM
195,823,380,822,380,854,197,853,YANGNYEOM
199,856,336,856,340,884,196,884,GALBISAL
512,796,525,795,524,819,512,818,1
577,793,684,793,684,824,578,824,250,000
198,888,331,886,331,915,196,914,JEKSEOK
334,886,417,888,416,915,333,915,YANG
197,920,303,919,303,948,195,950,NYEOM
308,920,357,920,359,948,305,946,GUI
510,888,525,887,525,915,511,916,1
578,884,686,884,685,921,576,919,300,000
196,951,318,951,319,982,195,983,HAEMUL
320,951,453,950,456,978,318,980,DENJANG
196,986,295,984,296,1013,196,1013,JJIGAE
510,952,524,952,525,978,511,978,1
591,952,683,953,684,983,592,983,85,000
200,1036,254,1036,256,1062,199,1063,Sub
259,1034,325,1033,325,1061,262,1061,Total
556,1032,682,1030,685,1062,555,1064,1,963,000
201,1070,296,1070,296,1098,201,1098,Service
577,1067,685,1065,684,1099,576,1100,137,410
200,1102,248,1103,249,1128,199,1128,Tax
581,1098,683,1098,686,1129,582,1129,206,611
201,1131,312,1131,316,1161,199,1165,Discount
664,1135,681,1135,681,1160,664,1160,0
195,1191,296,1186,300,1218,198,1222,TOTAL
556,1179,684,1179,683,1211,554,1210,2,307,021
196,1227,267,1223,266,1252,196,1256,Card
556,1215,683,1217,684,1249,552,1248,2,307,021
200,1276,351,1272,350,1313,197,1316,CHANGE
657,1274,680,1274,680,1306,657,1306,0
