174,505,416,533,412,562,171,534,CARAMELALMOND
172,546,188,546,188,570,172,570,1
269,554,353,565,350,594,265,583,23,000
606,587,684,590,683,617,605,614,23,000
168,577,363,598,360,625,165,604,*CARAMEL DIP*
164,614,180,614,180,636,164,636,1
260,624,278,624,278,646,260,646,0
666,658,684,658,684,680,666,680,0
128,657,281,674,278,702,125,685,SUB TOTAL
610,704,690,704,690,730,610,730,23,000
116,735,312,756,309,785,113,765,GRAND TOTAL
612,776,696,776,696,804,612,804,23,000
105,796,244,808,241,838,102,826,CASHIDR
616,831,701,835,699,864,614,860,50,000
94,862,291,876,289,908,92,894,CHANGE DUE
618,891,705,894,703,925,617,922,27,000
