108,688,176,688,176,720,108,720,CHO
200,690,344,690,344,722,200,722,MOUSSE
529,687,669,684,670,721,530,724,20,000
110,726,224,730,223,763,109,760,GRAPE
248,732,366,732,366,766,248,766,JELLY
533,729,671,726,672,761,534,764,13,000
178,769,366,774,365,809,177,804,SUBTOTAL
530,770,674,770,674,806,530,806,30,000
180,809,250,812,249,845,178,842,TAX
276,816,344,816,344,850,276,850,10%
552,812,676,812,676,848,552,848,3,000
184,846,231,850,228,883,181,879,TL
359,859,671,853,672,889,360,895,33,000
188,884,278,892,275,923,185,915,CASH
534,898,680,898,680,934,534,934,50,000
192,920,238,924,235,955,189,951,CG
540,938,680,938,680,968,540,968,17,000
