74,738,96,738,96,770,74,770,2
110,732,231,724,233,763,112,770,SINGLE
244,726,322,726,322,758,244,758,Cone
574,722,696,722,696,760,574,760,76,364
188,780,377,771,378,808,190,816,Strawberry
390,769,505,774,503,805,389,799,Cheese
190,835,251,838,249,868,188,865,Run
260,828,375,822,377,854,262,860,Raisin
557,1128,712,1166,693,1243,538,1205,88.620
278,927,427,917,429,953,280,963,SUBTOTAL
576,926,703,935,701,975,574,966,76.364
296,976,357,973,359,1009,298,1012,SVO
372,972,434,972,434,1008,372,1008,CHG
600,976,704,995,697,1035,593,1016,4,200
374,1024,432,1024,432,1060,374,1060,PB1
600,1032,703,1049,696,1090,594,1073,8.056
