174,614,239,615,238,640,174,640,TOTAL
246,616,333,616,333,640,247,640,BELANJA
577,616,650,616,650,643,577,642,25,000
173,672,227,672,227,700,173,700,CASH
576,673,649,673,651,699,576,701,25,000
171,701,225,702,228,731,172,731,UANG
234,702,322,701,320,729,234,730,KEMBALI
635,703,650,704,651,729,635,728,0
174,525,212,526,211,553,175,553,DP.
222,526,288,529,291,554,222,553,ORDER
295,528,312,529,312,555,296,557,/
322,528,417,527,417,554,322,554,19cc0665
239,556,248,556,248,584,239,584,1
330,557,404,557,406,585,330,585,25,000
436,558,488,558,488,583,436,583,0.00
577,557,650,557,651,585,577,586,25,000
174,643,274,643,274,671,174,671,POTONGAN
634,647,650,644,651,670,635,672,0
