248,293,311,297,309,322,246,319,PILOW
316,298,354,298,354,324,316,324,DUR
360,300,386,300,386,324,360,324,PX
538,302,612,302,612,328,538,328,40,000
248,319,299,324,297,349,246,344,DISC
304,324,354,324,354,350,304,350,ITEM
514,328,610,328,610,354,514,354,-30.000%
246,343,319,350,317,376,244,369,AMOUNT
524,356,610,356,610,382,524,382,-12,000
244,368,297,373,295,399,242,394,NASI
302,374,363,378,361,404,300,401,BAKAR
534,384,608,384,608,410,534,410,31,500
244,394,296,400,293,425,241,419,DISC
300,401,351,404,349,430,298,427,ITEM
512,412,608,412,608,438,512,438,-30.000%
243,419,317,427,314,454,240,445,AMOUNT
534,440,606,440,606,464,534,464,-9,450
242,444,295,452,291,477,238,469,MIKA
298,452,361,458,359,483,296,477,BESAR
590,468,604,468,604,488,590,488,0
240,471,315,478,313,505,238,498,SENDOK
320,480,383,486,381,512,318,506,MAKAN
588,492,604,492,604,514,588,514,0
238,526,313,532,311,558,236,552,SIOMAY
240,502,268,502,268,528,240,528,4X
408,516,470,516,470,542,408,542,@9500
530,546,604,546,604,570,530,570,38,000
236,556,288,556,288,582,236,582,DISC
296,558,347,562,345,589,294,584,ITEM
508,571,604,571,604,597,508,597,-30.000%
234,582,310,585,309,613,233,609,AMOUNT
520,596,604,600,603,627,519,624,-11,400
232,612,284,612,284,640,232,640,MIKA
292,615,366,618,365,644,291,641,SEDANG
588,630,602,630,602,652,588,652,0
230,642,296,642,296,668,230,668,GARPU
302,644,366,644,366,670,302,670,MAKAN
588,658,602,658,602,678,588,678,0
228,670,330,670,330,696,228,696,MACARONI
336,672,364,672,364,698,336,698,GR
542,682,604,682,604,708,542,708,9,000
226,698,280,698,280,724,226,724,DISC
288,700,340,700,340,726,288,726,ITEM
510,708,606,708,606,734,510,734,-30.000%
224,724,304,727,303,754,223,751,AMOUNT
534,736,608,736,608,762,534,762,-2,700
222,754,376,757,375,784,221,781,PASTELGORENG
548,764,612,764,612,790,548,790,9,000
220,784,276,784,276,812,220,812,DISC
284,786,338,786,338,812,284,812,ITEM
514,790,614,790,614,818,514,818,-30.000%
218,814,300,814,300,842,218,842,AMOUNT
540,818,618,818,618,848,540,848,-2,700
216,846,286,846,286,874,216,874,SEMAR
294,846,376,846,376,874,294,874,MENDEM
554,850,620,850,620,878,554,878,9,000
214,878,272,878,272,906,214,906,DISC
280,876,336,876,336,906,280,906,ITEM
520,880,624,880,624,908,520,908,-30.000%
212,908,296,908,296,938,212,938,AMOUNT
546,910,628,910,628,938,546,938,-2,700
210,942,296,942,296,972,210,972,BAKWAN
304,940,388,940,388,970,304,970,JAGUNG
562,942,630,942,630,972,562,972,6,500
208,976,268,976,268,1006,208,1006,DISC
276,976,334,976,334,1006,276,1006,ITEM
526,974,634,974,634,1004,526,1004,-30.000%
206,1010,294,1010,294,1042,206,1042,AMOUNT
552,1008,636,1008,636,1040,552,1040,-1,950
204,1045,304,1045,304,1075,204,1075,PLASTIK
315,1045,413,1042,414,1073,316,1077,TENTENG
620,1042,638,1042,638,1072,620,1072,0
206,1116,340,1116,340,1148,206,1148,TOTAL
543,1114,639,1110,641,1141,544,1145,100,100
202,1150,314,1150,314,1180,202,1180,CARD
544,1144,640,1144,640,1174,544,1174,100,100
204,1082,318,1082,318,1112,204,1112,SUBTOTAL
544,1078,640,1078,640,1110,544,1110,100,100
