152,1009,248,1012,247,1039,151,1037,Subtotal
562,1012,636,1012,636,1040,562,1040,26,818
148,1044,188,1044,188,1072,148,1072,PB1
198,1044,258,1044,258,1072,198,1072,(10%)
574,1046,636,1046,636,1074,574,1074,2,682
146,1113,199,1116,197,1142,144,1139,Dine
204,1116,234,1116,234,1142,204,1142,In
240,1110,304,1110,304,1140,240,1140,Total
564,1112,640,1112,640,1144,564,1144,29,500
142,1184,194,1184,194,1212,142,1212,Cash
528,1182,638,1182,638,1212,528,1212,Rp. 29,500
158,878,234,878,234,904,158,904,MEDIUM
238,878,300,878,300,904,238,904,FRIES
562,882,632,882,632,908,562,908,14,545
158,910,244,910,244,936,158,936,REGULAR
250,912,300,912,300,938,250,938,COKE
574,914,636,914,636,942,574,942,7,273
154,944,194,944,194,970,154,970,K11
202,944,264,944,264,970,202,970,CHOCO
272,944,320,944,320,970,272,970,1217
572,946,634,946,634,976,572,976,5,000
