94,526,110,526,110,560,94,560,1
123,521,253,518,254,557,124,560,CARAMEL
268,516,380,516,380,556,268,556,PASTRY
638,509,755,505,757,546,640,550,12,000
94,570,110,570,110,604,94,604,1
125,566,291,562,292,601,126,605,CHOCOLATE
303,562,397,559,398,598,304,601,TWIST
639,554,757,551,758,593,640,596,16,000
94,614,112,614,112,648,94,648,1
127,612,255,608,256,646,128,649,SAUSAGE
269,608,363,605,364,644,270,646,BREAD
641,601,759,597,761,640,642,644,15,000
128,697,311,697,311,769,128,769,TOTAL
524,696,765,690,767,770,526,776,43,000
130,774,206,774,206,810,130,810,CASH
644,770,766,770,766,812,644,812,50,000
128,816,350,816,350,888,128,888,CHANGE
566,816,770,816,770,898,566,898,7,000
