85,994,181,994,181,1030,85,1030,GRAND
192,992,280,992,280,1028,192,1028,TOTAL
643,996,749,996,749,1032,643,1032,56.800
86,1044,178,1044,178,1082,86,1082,TUNAI
645,1046,749,1043,750,1082,646,1085,60.000
106,748,180,751,179,786,105,783,BASO
190,752,310,752,310,786,190,786,KWETIAU
428,752,446,752,446,784,428,784,1
458,752,562,752,562,788,458,788,43.636
636,752,740,752,740,788,636,788,43.636
104,798,258,798,258,832,104,832,A.MINERAL
270,798,356,798,356,832,270,832,BOTOL
428,800,448,800,448,832,428,832,1
474,798,564,798,564,834,474,834,8.000
652,800,742,800,742,836,652,836,8,000
94,892,154,892,154,928,94,928,DPP
641,896,747,896,747,932,641,932,51,636
94,944,152,944,152,980,94,980,TAX
164,942,254,942,254,980,164,980,10.00
262,944,288,944,288,978,262,978,%
658,946,749,941,751,979,660,985,5,164
