259,760,309,760,309,793,259,793,HOT
326,760,389,760,389,792,326,792,OCHA
777,760,869,760,869,791,777,791,10,000
233,760,244,760,244,790,233,790,1
261,798,328,798,328,832,261,832,OCHA
774,797,871,797,871,831,774,831,30,000
228,795,248,795,248,830,228,830,3
263,875,312,875,312,908,263,908,JYO
327,875,420,875,420,906,327,906,HARAMI
437,875,485,875,485,908,437,908,30%
774,875,870,875,870,910,774,910,99,000
232,876,246,876,246,911,232,911,1
263,916,322,916,322,945,263,945,WAKI
342,916,421,916,421,947,342,947,SALAD
775,915,870,915,870,950,775,950,45,000
233,912,245,912,245,947,233,947,1
262,955,374,955,374,990,262,990,MARBLED
390,955,501,955,501,988,390,988,SIRLOIN
517,955,602,955,602,990,517,990,STEAK
614,955,693,955,693,991,614,991,200gr
758,953,871,953,871,992,758,992,378,000
230,955,248,955,248,988,230,988,2
247,992,372,992,372,1032,247,1032,FOOD
647,995,758,995,758,1030,647,1030,522,000
263,1035,358,1035,358,1068,263,1068,SUBTTL
759,1034,870,1034,870,1072,759,1072,562,000
263,1074,374,1074,374,1106,263,1106,Service
390,1072,486,1072,486,1109,390,1109,Charge
776,1075,873,1073,873,1108,776,1108,33,720
263,1112,308,1112,308,1146,263,1146,PB1
775,1112,870,1112,870,1146,775,1146,59,572
246,836,501,836,501,873,246,873,BEVERAGE
662,836,758,836,758,868,662,868,40,000
263,1188,421,1188,421,1223,263,1223,TOTAL
647,1189,871,1189,871,1225,647,1225,655,292
