84,372,120,372,120,388,84,388,2005-
118,372,161,372,161,388,118,388,CHEESE
162,372,194,372,194,388,162,388,JOHN
134,390,194,390,193,409,134,409,9.500,00
212,390,230,390,230,406,212,406,x1
278,388,334,388,333,407,277,408,9.500,00
80,424,118,424,118,442,80,442,Total
122,426,158,426,158,442,122,442,Item:
222,426,232,426,232,440,222,440,1
80,462,124,462,124,478,80,478,Total.
266,458,324,458,324,478,266,478,9.500,00
80,496,144,496,144,512,80,512,Tendered:
286,494,352,494,351,513,286,514,10.000,00
82,513,132,514,131,530,82,529,Change:
306,512,352,512,351,531,306,531,500,00
