144,575,354,580,353,606,143,601,CARAMELALMOND
148,612,158,612,158,632,148,632,1
228,609,302,612,301,637,227,634,23,000
544,617,616,620,615,646,543,643,23,000
142,640,194,640,194,664,142,664,STIX
196,639,296,639,296,663,196,663,ECLAIRS
146,674,158,674,158,694,146,694,1
228,674,298,674,298,698,228,698,19,000
544,676,614,679,613,704,543,701,19,000
118,717,244,720,243,745,117,742,SUB TOTAL
542,721,616,724,615,750,541,747,42,000
112,785,276,788,275,814,111,811,GRAND TOTAL
542,792,616,792,616,818,542,818,42,000
106,834,222,838,221,863,105,860,CASH IDR
532,844,618,844,618,870,532,870,100,000
100,887,264,890,263,917,99,914,CHANGE DUE
542,898,618,898,618,926,542,926,58,000
