156,1178,236,1178,238,1238,158,1237,DP.
262,1179,394,1178,397,1232,262,1233,ORDER
465,1173,673,1170,680,1231,463,1236,19BC1054
290,1243,313,1241,314,1294,291,1294,1
491,1237,649,1232,652,1295,487,1298,25,000
1009,1222,1173,1224,1177,1283,1014,1291,25,000
152,1362,290,1361,294,1417,149,1420,TOTAL
308,1361,497,1356,500,1412,307,1416,BELANJA
1017,1348,1175,1343,1183,1406,1016,1411,25,000
154,1485,267,1479,264,1541,150,1544,CASH
1024,1466,1188,1466,1191,1531,1026,1531,50,000
150,1549,265,1544,268,1609,147,1614,UANG
280,1543,474,1540,480,1607,278,1607,KEMBALI
1027,1526,1190,1527,1195,1592,1020,1598,25,000
152,1422,374,1420,377,1481,153,1484,POTONGAN
1147,1411,1177,1411,1177,1458,1147,1458,0
