73,492,201,488,203,539,74,542,TOTAL
348,484,518,484,518,544,348,544,85,000
72,542,130,542,130,572,72,572,CASH
420,538,518,538,518,568,420,568,100,000
70,578,229,570,231,621,72,628,CHANGE
356,570,522,570,522,632,356,632,15,000
56,366,68,366,68,392,56,392,1
78,364,144,364,144,394,78,394,NUMER
150,364,224,364,224,394,150,394,CANDLE
230,362,284,362,284,392,230,392,NO.1
422,355,509,350,511,383,424,387,10,000
54,398,68,398,68,424,54,424,1
78,396,144,396,144,426,78,426,NUMER
151,397,225,394,226,423,152,426,CANDLE
234,394,288,394,288,422,234,422,NO.2
426,386,512,386,512,418,426,418,10,000
50,428,68,428,68,456,50,456,2
76,428,170,428,170,456,76,456,GANACHE
176,426,254,426,254,454,176,454,MOUSSE
260,422,326,422,326,452,260,452,PIECE
426,418,512,418,512,450,426,450,65,000
