132,806,275,794,278,827,134,839,CHOCOLATE
284,791,375,786,377,818,286,822,SUNDAE
674,796,759,800,755,838,671,834,8,636
133,850,247,836,251,869,137,883,REGULAR
255,836,335,828,338,861,258,868,FRIES
676,839,761,843,759,881,674,876,8,636
134,889,261,879,263,917,136,924,TakeAway
272,874,362,874,362,906,272,909,Charge
704,884,756,884,756,918,704,918,909
136,981,262,962,267,994,138,1016,Subtotal
661,964,760,976,757,1018,657,1005,18,181
137,1024,190,1018,194,1051,140,1059,PB1
200,1013,276,1001,281,1035,206,1049,(10%)
672,1012,757,1016,756,1057,670,1054,1,818
142,1109,227,1094,229,1127,143,1141,Round
738,1104,756,1104,756,1130,738,1130,1
139,1148,206,1139,211,1168,143,1178,Take
214,1134,279,1128,280,1159,217,1164,Away
286,1117,361,1105,365,1136,290,1148,Total
658,1126,759,1136,757,1173,654,1162,20,000
141,1224,208,1215,214,1247,144,1257,Cash
662,1200,762,1209,759,1245,659,1238,20,000
