76,308,88,308,88,326,76,326,1
124,304,178,304,178,326,124,326,Bento
182,302,266,302,266,324,182,324,Barbeque
400,294,464,294,464,318,400,318,13,636
76,332,88,332,88,350,76,350,1
124,328,190,328,190,350,124,350,Lychee
193,326,249,323,250,346,194,349,Float
408,318,464,318,464,342,408,342,5,909
76,356,86,356,86,374,76,374,1
124,352,160,352,160,374,124,374,KFC
164,352,228,352,228,372,164,372,Winger
232,348,258,348,258,370,232,370,HC
400,342,466,342,466,366,400,366,20,000
234,396,270,396,270,418,234,418,Sub
276,394,328,394,328,416,276,416,Total
402,390,468,390,468,414,402,414,39,545
216,470,282,470,282,492,216,492,P.Rest
288,468,312,468,312,490,288,490,10
318,470,330,470,330,488,318,488,%
414,464,472,464,472,488,414,488,3,955
278,536,330,536,330,560,278,560,Total
406,517,475,512,477,553,408,557,43,500
288,558,334,558,334,580,288,580,Cash
410,556,478,556,478,580,410,580,50,500
258,610,332,610,332,634,258,634,Kembali
422,608,482,608,482,632,422,632,7,000
118,718,134,718,134,740,118,740,3
138,718,200,718,200,742,138,742,Items,
