819,2033,958,2033,958,2094,819,2094,TOTAL
1173,1989,1373,1989,1373,2101,1173,2101,30.000
300,2226,430,2213,437,2283,307,2296,CASH
1183,2182,1370,2182,1370,2247,1183,2247,50.000
299,2303,512,2272,522,2340,309,2372,CHANGED
1186,2249,1371,2254,1369,2319,1185,2314,20,000
289,1819,326,1819,326,1880,289,1880,1
398,1809,601,1800,603,1862,401,1871,Mineral
618,1798,758,1798,758,1856,618,1856,Water
775,1791,867,1791,867,1849,775,1849,(S).
1183,1785,1364,1790,1362,1850,1182,1846,10,000
292,1887,329,1887,329,1948,292,1948,1
403,1880,611,1876,612,1934,404,1938,Popcorn
622,1863,737,1863,737,1921,622,1921,Salt
754,1859,843,1859,843,1914,754,1914,(S).
1179,1856,1363,1856,1363,1914,1179,1914,20,000
