190,484,202,484,202,504,190,504,1
210,480,254,480,254,506,210,506,[MD]
262,478,310,478,310,504,262,504,SOFT
314,478,394,478,394,504,314,504,STEAMED
400,476,480,476,480,502,400,502,CHEESEC
508,474,576,474,576,500,508,500,10,000
190,510,202,510,202,530,190,530,1
208,506,268,506,268,532,208,532,CHOCO
274,504,354,504,354,530,274,530,CUSTARD
358,504,426,504,426,528,358,528,PASTRY
510,500,578,500,578,526,510,526,12,000
208,560,320,560,320,598,208,598,TOTAL
444,557,577,552,579,591,446,596,22,000
206,598,256,598,256,622,206,622,CASH
502,590,582,590,582,614,502,614,100,000
205,624,339,621,340,661,206,664,CHANGE
446,619,583,613,585,656,448,662,78,000
