62,324,74,324,74,342,62,342,1
94,321,162,323,161,346,93,343,ROASTED
164,324,188,324,188,346,164,346,MT
190,326,204,326,203,348,190,348,(
205,323,223,323,223,350,205,350,R
222,325,236,325,236,349,222,349,)
430,328,490,328,490,350,430,350,21,000
94,350,144,350,144,372,94,372,GRASS
146,352,196,352,196,374,146,374,JELLY
199,354,211,354,211,375,199,375,(
213,355,229,355,229,374,213,374,R
232,351,247,351,247,376,232,376,)
438,356,488,356,488,378,438,378,4,000
94,406,126,406,126,428,94,428,ICE
128,406,152,406,152,428,128,428,NO
476,414,488,414,488,434,476,434,0
92,434,144,434,144,456,92,456,SUGAR
144,434,184,434,184,456,144,456,HALF
474,442,488,442,488,462,474,462,0
22,488,54,488,54,510,22,510,SUB
56,488,106,488,106,512,56,512,TOTAL
428,494,488,494,488,516,428,516,25,000
20,518,62,518,62,538,20,538,Disc
64,518,132,518,132,540,64,540,product
430,522,488,522,488,544,430,544,-2,500
22,570,70,570,70,594,22,594,TOTAL
72,572,122,572,122,594,72,594,SALES
428,576,488,576,489,599,427,600,22,500
26,642,83,648,81,667,24,661,T-CASH
428,656,484,656,484,676,428,676,18,000
22,594,71,598,69,620,20,617,TOTAL
74,597,123,599,121,622,72,619,ITEMS
474,608,486,608,486,626,474,626,1
24,618,81,624,79,645,22,639,T-CASH
80,626,122,626,122,648,80,648,DISC
436,630,486,630,486,652,436,652,4,500
