162,954,216,954,216,980,162,980,Cuci
450,954,486,954,486,982,450,982,1.0
618,958,636,958,636,984,618,984,0
162,992,182,992,182,1020,162,1020,B
187,992,277,992,277,1024,187,1024,Pjg/Vr
280,990,296,990,296,1016,280,1016,3
450,992,486,992,486,1020,450,1020,1.0
618,996,694,996,694,1024,618,1024,92,000
324,1052,382,1052,382,1080,324,1080,Total
384,1053,504,1058,503,1083,383,1078,Perawatan
618,1048,692,1048,692,1076,618,1076,92,000
326,1086,384,1086,384,1112,326,1112,Total
386,1088,466,1088,466,1112,386,1112,Produk
644,1082,662,1082,662,1108,644,1108,0
328,1116,394,1116,394,1142,328,1142,Grand
398,1118,456,1118,456,1142,398,1142,Total
614,1114,686,1114,686,1142,614,1142,92,000
326,1177,390,1180,389,1208,325,1205,Tunai
611,1176,697,1173,698,1204,612,1207,100,000
326,1218,442,1223,441,1250,325,1245,Kembalian
620,1218,682,1218,682,1246,620,1246,8,000
