614,1472,661,1472,661,1544,614,1544,2
686,1476,870,1476,870,1548,686,1548,CHOCO
892,1479,1136,1485,1134,1560,890,1554,CUSTARD
1156,1484,1365,1484,1365,1561,1156,1561,PASTRY
1621,1484,1834,1484,1834,1561,1621,1561,24,000
622,1561,661,1561,661,1629,622,1629,1
686,1561,870,1561,870,1638,686,1638,APPLE
891,1565,1271,1565,1271,1642,891,1642,CREAMCHEESE
1288,1570,1497,1570,1497,1642,1288,1642,PASTRY
1628,1570,1834,1565,1836,1642,1630,1647,13,000
622,1646,661,1646,661,1715,622,1715,1
686,1642,836,1642,836,1719,686,1719,REAL
857,1651,1105,1651,1105,1723,857,1723,GANACHE
1629,1651,1834,1651,1834,1728,1629,1728,16,500
622,1732,661,1732,661,1800,622,1800,1
686,1732,904,1732,904,1804,686,1804,POTATO
925,1732,1173,1732,1173,1804,925,1804,SAUSAGE
1194,1732,1369,1732,1369,1804,1194,1804,BREAD
1627,1734,1838,1726,1841,1806,1630,1814,19,000
687,1891,1043,1899,1040,2043,684,2036,TOTAL
1423,1894,1847,1888,1849,2043,1425,2049,72,500
691,2035,840,2035,840,2107,691,2107,CASH
1629,2030,1843,2030,1843,2107,1629,2107,72,500
680,2119,1112,2110,1115,2253,683,2262,CHANGE
1770,2120,1838,2120,1838,2235,1770,2235,0
