222,662,246,662,246,698,222,698,1
258,660,334,663,333,698,256,695,Gado
342,662,420,662,420,698,342,698,Gado
776,666,890,666,890,706,776,706,36,000
224,698,248,698,248,732,224,732,1
258,698,334,698,334,734,258,734,Nasi
344,698,438,698,438,734,344,734,Putih
446,698,490,698,490,736,446,736,GG
798,704,892,704,892,742,798,742,7,000
257,767,401,767,401,803,257,803,SUBTOTAL
776,774,890,774,890,812,776,812,43,000
261,906,431,906,431,944,261,944,TOTAL
670,914,884,914,884,956,670,956,43,000
260,974,338,974,338,1008,260,1008,CASH
768,983,882,986,881,1025,767,1023,43,000
