70,1096,174,1096,174,1130,70,1130,Total.
536,1090,696,1090,696,1128,536,1128,62.000,00
70,1140,144,1140,144,1174,70,1174,Cash
70,1188,224,1188,224,1220,70,1220,Tendered:
586,1178,762,1178,762,1214,586,1214,100.000,00
72,1229,195,1236,193,1266,70,1259,Change:
603,1223,759,1217,761,1253,604,1260,38.000,00
70,1004,158,1004,158,1038,70,1038,Total
170,1004,258,1004,258,1038,170,1038,Item:
430,1004,450,1004,450,1034,430,1034,6
74,598,228,598,228,632,74,632,1517-ROTI
240,596,364,596,364,630,240,630,KENTANG
374,596,448,596,448,628,374,628,KEJU
458,594,548,594,548,628,458,628,MANIS
190,640,352,640,352,678,190,678,23.500,00
412,642,450,642,450,672,412,672,x1
562,638,720,638,720,674,562,674,23.500,00
71,685,227,685,227,719,71,719,1009-ROTI
240,684,348,684,348,718,240,718,KELAPA
206,730,348,730,348,766,206,766,8.000,00
410,730,448,730,448,760,410,760,x3
562,726,720,726,720,764,562,764,24.000,00
72,778,232,778,232,812,72,812,1439-TUNA
244,776,350,776,350,810,244,810,CHEESE
362,774,452,774,452,808,362,808,WHEAT
464,772,604,772,604,806,464,806,SANDWICH
192,818,348,818,348,856,192,856,14.500,00
410,818,448,818,448,850,410,850,x1
564,816,722,816,722,854,564,854,14.500,00
71,865,283,863,284,899,72,902,1244-PLASTIK
295,863,453,861,454,895,296,898,TENTENGAN
463,862,571,859,572,893,464,896,SEDANG
274,910,347,906,349,947,276,950,0,00
412,910,448,910,448,942,412,942,x1
654,908,726,908,726,946,654,946,0,00
