56,214,114,214,114,238,56,238,PAKET
118,214,194,214,194,238,118,238,DOSIRAK
200,216,214,216,214,236,200,236,3
272,216,284,216,284,234,272,234,1
320,210,390,210,390,236,320,236,25,975
404,208,474,208,474,234,404,234,25,975
56,242,114,242,114,266,56,266,PAKET
118,242,194,242,194,264,118,264,DOSIRAK
200,244,214,244,214,264,200,264,3
58,270,94,270,94,292,58,292,ICE
100,270,154,270,154,292,100,292,SWEET
160,268,234,268,234,292,160,292,JASMINE
240,268,326,268,326,290,240,290,GREENTEA
58,296,114,296,114,320,58,320,PAKET
120,296,196,296,196,320,120,320,CHICKEN
202,298,216,298,216,318,202,318,3
270,296,286,296,286,318,270,318,3
320,294,388,294,388,320,320,320,35,000
392,292,474,292,474,318,392,318,105,000
58,324,126,324,126,348,58,348,JAPCHE
274,326,286,326,286,346,274,346,1
322,322,390,322,390,348,322,348,25,000
404,322,472,322,472,348,404,348,25,000
58,352,126,352,126,374,58,374,KOREAN
129,351,215,351,215,373,129,373,LEMONADE
274,354,284,354,284,372,274,372,1
322,350,388,350,388,376,322,376,15,000
404,350,472,350,472,374,404,374,15,000
58,378,128,378,128,402,58,402,KOREAN
132,378,178,378,178,400,132,400,COLD
182,378,218,378,218,400,182,400,TEA
274,380,286,380,286,400,274,400,1
332,376,390,376,390,402,332,402,9,000
414,376,472,376,472,402,414,402,9,000
58,404,116,404,116,428,58,428,PAKET
122,404,198,404,198,428,122,428,BULGOGI
204,406,218,406,218,426,204,426,3
274,406,286,406,286,426,274,426,1
322,404,388,404,388,428,322,428,45,000
402,404,472,404,472,428,402,428,45,000
60,432,128,432,128,456,60,456,BANANA
131,431,237,428,238,451,132,454,MLK+MATCHA
242,430,268,430,268,452,242,452,PU
272,432,288,432,288,452,272,452,2
322,430,390,430,390,456,322,456,21,000
404,430,472,430,472,456,404,456,42,000
60,460,96,460,96,482,60,482,KRN
102,458,158,458,158,482,102,482,FRIED
162,458,228,458,228,480,162,480,CHICKN
232,458,268,458,268,480,232,480,HNY
274,460,286,460,286,478,274,478,1
322,456,390,456,390,482,322,482,25,000
402,458,472,458,472,482,402,482,25,000
141,510,227,510,227,532,141,532,Subtotal
392,510,472,510,472,536,392,536,291,975
144,540,230,540,230,560,144,560,Services
404,538,472,538,472,562,404,562,14,598
144,620,180,620,180,642,144,642,Tax
404,618,472,618,472,640,404,640,30,657
148,674,213,671,215,708,150,711,Total
376,670,468,670,468,710,376,710,337,230
148,722,215,719,216,755,150,758,Tunai
376,716,468,716,468,756,376,756,350,000
147,770,238,760,242,797,151,807,Kembali
390,760,466,760,466,800,390,800,12,770
