170,800,233,800,233,826,170,826,KUPAT
245,797,299,798,298,825,247,826,TAHU
170,840,259,838,261,866,170,867,0512100
321,840,336,840,336,863,321,863,2
411,838,483,838,483,863,411,863,19,000
567,837,641,837,641,863,567,863,38,000
346,1003,382,1003,382,1027,346,1027,Sub
396,1002,455,1002,455,1029,396,1029,Total
558,1001,641,1001,641,1026,558,1026,125,000
420,1041,455,1041,455,1072,420,1072,PB1
571,1039,643,1039,643,1070,571,1070,12,500
395,1125,456,1125,456,1154,395,1154,Netto
558,1123,642,1123,642,1149,558,1149,137,500
408,1164,456,1164,456,1192,408,1192,Cash
558,1162,643,1162,643,1190,558,1190,150,000
383,1247,456,1247,456,1280,383,1280,Change
570,1244,642,1244,642,1272,570,1272,12,500
169,882,207,882,207,907,169,907,MIE
217,880,283,880,283,908,217,908,KOCOK
170,922,259,922,259,948,170,948,0515103
320,920,334,920,334,946,320,946,3
408,919,483,919,483,945,408,945,29,000
568,918,641,918,641,945,568,945,87,000
