64,365,242,368,241,391,63,389,CINNAMON SUGAR
68,398,78,398,78,416,68,416,1
136,396,198,396,198,418,136,418,17,000
420,400,488,400,488,424,420,424,17,000
60,422,227,422,227,446,60,446,TRIPPLE CHEESE
60,452,70,452,70,472,60,472,1
130,452,194,452,194,476,130,476,17,000
420,457,488,460,487,484,419,482,17,000
30,492,76,492,76,514,30,514,SUB
76,494,142,494,142,518,76,518,TOTAL
416,501,488,504,487,530,415,527,34,000
24,551,168,557,167,582,23,576,GRAND TOTAL
416,568,488,568,488,594,416,594,34,000
20,598,118,602,117,627,19,623,CASH IDR
416,615,486,618,485,643,415,640,50,000
18,646,158,652,157,676,17,670,CHANGE DUE
416,664,484,664,484,686,416,686,16,000
