136,488,145,488,145,512,136,512,1
159,488,245,488,245,510,159,510,SAUSAGE
255,483,315,483,315,509,255,509,DONUT
501,474,573,474,573,504,501,504,14,000
136,518,144,518,144,541,136,541,1
156,517,220,517,220,540,156,540,CHOCO
232,515,291,515,291,538,232,538,DONUT
304,512,390,512,390,536,304,536,PRETZEL
512,506,574,506,574,533,512,533,9,000
157,572,277,572,277,617,157,617,TOTAL
427,571,574,571,574,615,427,615,23,000
153,618,204,618,204,644,153,644,CASH
504,612,580,612,580,639,504,639,23,000
154,649,302,649,302,694,154,694,CHANGE
555,642,583,642,583,684,555,684,0
