508,1197,600,1197,600,1233,508,1233,Total
730,1161,859,1157,862,1229,732,1234,37,000
525,1236,603,1233,604,1268,526,1271,Cash
742,1230,858,1230,858,1268,742,1268,50,000
475,1320,603,1317,604,1354,476,1357,Kembali
746,1316,860,1316,860,1356,746,1356,13,000
230,1502,256,1502,256,1538,230,1538,3
266,1500,376,1500,376,1538,266,1538,Items,
158,794,180,794,180,826,158,826,1
245,790,371,787,372,823,246,826,Mineral
384,786,482,786,482,822,384,822,Water
755,776,853,773,854,811,756,814,6,364
160,834,180,834,180,870,160,870,1
246,832,340,832,340,868,246,868,Mocca
349,830,447,827,448,864,350,867,Float
757,818,855,815,856,855,758,858,8,636
162,878,182,878,182,914,162,914,1
248,876,270,876,270,912,248,912,1
282,872,326,872,326,910,282,910,PC
333,870,499,867,500,905,334,908,CHOCHICKS
742,860,858,860,858,898,742,898,18,636
430,954,492,954,492,990,430,990,Sub
500,953,593,949,595,985,502,990,Total
731,946,847,943,848,983,732,986,33,636
398,1080,512,1080,512,1118,398,1118,P.Rest
524,1078,566,1078,566,1114,524,1114,10
576,1078,602,1078,602,1112,576,1112,%
752,1074,852,1074,852,1112,752,1112,3,364
