82,582,180,582,180,602,82,604,GrandTotal
394,575,470,572,471,596,395,601,211,365
106,624,148,624,148,644,106,644,Cash
244,622,316,622,316,648,243,649,220,000
86,650,176,650,176,670,86,670,Kembalian
416,648,472,648,471,673,415,676,8,635
104,308,116,308,116,326,104,326,1
120,304,146,304,146,326,120,326,CB
150,302,176,302,176,324,150,324,PR
178,300,254,300,254,324,178,324,SIRLOIN
276,296,344,296,344,320,276,320,162000
387,292,461,289,461,317,388,320,162,000
105,333,118,333,119,352,106,352,2
122,328,196,328,196,352,122,352,F.FRIES
197,327,263,324,265,349,198,351,MEDIUM
330,326,344,326,344,346,330,346,0
448,320,462,320,462,340,448,340,0
106,360,118,360,118,378,106,378,1
122,354,198,354,198,378,121,379,F.FRIES
200,352,254,352,254,376,200,376,COMBO
328,350,344,350,344,372,328,372,0
448,346,462,346,462,366,448,366,0
108,384,122,384,122,404,108,404,2
124,380,180,380,180,402,124,402,BROWN
182,378,236,378,236,402,182,402,SAUCE
328,376,344,376,344,396,328,396,0
446,370,464,370,464,392,446,392,0
74,482,154,482,154,506,73,506,Subtotal
392,472,466,472,466,498,391,497,183,000
75,510,192,511,192,534,73,531,Serv.Charge:
274,504,320,504,320,526,275,527,5.00
324,504,340,504,340,524,324,524,%
412,498,466,498,466,523,410,524,9,150
76,534,110,534,110,556,76,556,PB1
268,530,322,530,322,552,268,552,10.00
328,530,342,530,342,550,328,550,%
401,524,467,521,468,548,401,550,19,215
110,410,122,410,122,428,110,428,1
126,406,152,406,152,428,126,428,ES
154,406,190,406,190,428,154,428,TEH
192,404,246,404,246,426,192,426,TAWAR
300,400,344,400,344,422,300,422,8000
406,396,464,396,464,422,406,422,8,000
110,435,123,434,123,454,112,454,1
126,432,170,432,170,452,126,452,COCA
174,430,218,430,218,452,174,452,COLA
292,424,346,424,346,448,291,449,13000
398,422,466,422,466,447,397,447,13,000
