292,560,364,560,364,582,292,582,Subtotal:
386,560,466,560,466,584,386,584,45,545.45
272,586,304,586,304,608,272,608,Tax
304,586,374,586,374,608,304,608,10.00%:
394,587,465,584,468,611,395,613,4,454.55
270,612,340,612,340,634,270,634,TOTAL:
375,612,466,614,466,636,376,638,49,000.00
312,634,354,633,354,654,312,654,Paid:
387,632,466,634,466,656,387,656,50,000.00
294,652,363,657,364,679,293,677,Change:
396,654,468,654,468,678,398,677,1,000.00
59,504,73,505,73,525,59,526,1
74,504,141,504,141,526,74,525,medium
142,503,173,504,173,527,140,526,tub
340,504,408,504,408,526,340,526,49,000.0
430,504,500,504,500,526,430,526,49,000.0
