304,422,372,422,372,438,304,438,50,000
13,445,87,445,85,469,11,470,Service
84,443,151,442,152,471,83,471,charge
312,438,372,436,372,464,310,466,3,750
12,468,57,467,59,493,13,495,PB1
314,460,372,460,374,488,312,491,5,375
11,491,81,489,81,518,13,518,Total
281,486,371,480,373,514,281,520,59,125
16,513,65,511,66,539,13,540,GIFT
59,514,102,514,105,538,60,539,VCR
101,513,234,512,232,541,102,541,MEMBERSHIP
304,510,373,508,373,537,302,538,50,000
17,558,69,557,69,579,16,579,Cash
316,554,374,552,376,578,314,578,9,125
12,424,84,423,87,446,10,450,ITEMS:
81,423,98,424,98,445,82,445,1
46,386,116,388,116,410,42,411,Goban
115,388,163,389,164,410,115,410,Puas
165,389,188,390,188,408,166,410,C
4,388,22,388,24,409,5,410,1
308,389,380,391,379,410,306,411,50,000
