18,502,34,502,34,526,18,526,1
54,502,169,502,169,528,54,528,SmokeBeef
180,506,194,506,194,526,180,526,+
204,502,272,502,272,528,204,528,NuTea
440,502,528,502,528,534,440,534,21,818
204,569,324,572,323,600,203,597,SubTotal:
428,573,514,573,514,603,428,603,21,818
268,606,326,606,326,634,268,634,PB1:
442,608,514,608,514,640,442,640,2,182
202,674,296,674,296,718,202,718,Total:
420,676,522,676,522,724,420,724,24,000
202,729,270,732,269,759,201,756,Debit
278,734,346,734,346,758,278,758,Card:
446,730,530,730,530,758,446,758,24,000
