188,579,272,577,272,603,188,603,GONG
275,578,357,577,360,604,275,603,GIBAB
558,576,640,576,640,603,556,604,20,000
479,577,491,578,491,601,480,600,1
191,607,230,608,231,635,191,633,BO
235,608,311,608,311,633,234,633,SSAM
542,604,640,603,642,633,542,634,320,000
480,609,491,607,491,632,478,630,1
191,638,299,638,299,662,191,662,HAEMUL
304,637,427,636,427,662,303,662,DENJANG
189,668,281,667,280,694,188,694,JJIGAE
559,635,639,636,640,664,556,664,85,000
480,639,491,637,491,660,480,660,1
186,695,414,692,414,723,186,724,MULNAENGMYON
559,695,643,695,642,724,558,723,85,000
478,697,492,694,493,721,479,720,1
191,742,241,743,241,771,190,771,Sub
244,741,304,740,304,770,248,767,Total
543,739,643,740,643,769,544,768,510,000
190,776,275,776,275,800,190,800,Service
561,774,645,773,645,799,561,801,35,700
186,802,231,803,231,828,187,826,Tax
559,801,648,802,646,832,557,831,54,255
181,836,291,836,291,860,181,860,Discount
630,833,650,833,650,860,629,859,0
171,883,264,884,266,911,172,910,TOTAL
549,878,652,878,652,908,549,908,599,955
163,914,235,915,229,943,165,943,Card
550,914,659,915,658,946,548,945,599,955
153,969,314,969,314,1001,153,1001,CHANGE
638,969,661,968,662,1000,640,1001,0
