306,450,374,450,374,476,306,476,Total:
486,454,554,454,554,480,486,480,42,000
316,478,374,478,374,502,316,502,Cash:
486,482,554,482,554,508,486,508,50,000
294,530,372,530,372,556,294,556,CHANGE:
496,534,554,534,554,560,496,560,8,000
274,424,374,424,374,450,274,450,Subtotal:
486,428,552,428,552,454,486,454,42,000
328,400,374,400,374,424,328,424,PB1:
536,406,550,406,550,426,536,426,0
168,263,272,266,271,286,167,283,S-Ovaltine
276,266,360,269,359,288,275,285,Macchiat
364,270,436,270,436,290,364,290,@22,000
140,264,164,264,164,282,140,282,1X
468,272,532,272,532,292,468,292,22,000
156,282,192,282,192,302,156,302,25%
164,301,272,305,271,326,163,323,S-Hazelnut
276,306,322,306,322,328,276,328,Milk
326,308,362,308,362,328,326,328,Tea
366,308,442,308,442,330,366,330,@20,000
136,302,160,302,160,322,136,322,1X
476,312,540,312,540,334,476,334,20,000
152,324,190,324,190,346,152,346,70%
151,344,200,350,197,373,148,367,Less
204,348,240,348,240,370,204,370,Ice
