392,1949,558,1949,558,2009,392,2009,NIKU
576,1954,768,1954,768,2013,576,2013,UDON
1493,1962,1540,1962,1540,2018,1493,2018,1
1676,1962,1907,1962,1907,2030,1676,2030,49,091
392,2022,614,2022,614,2086,392,2086,ABURA
631,2022,827,2022,827,2086,631,2086,UDON
840,2022,1100,2022,1100,2094,840,2094,(SPICY)
1493,2035,1540,2035,1540,2090,1493,2090,1
1676,2035,1907,2035,1907,2099,1676,2099,40,909
388,2090,584,2090,584,2154,388,2154,INARI
1493,2103,1540,2103,1540,2163,1493,2163,1
1681,2103,1911,2103,1911,2171,1681,2171,10,000
388,2156,687,2161,686,2227,387,2222,KAKIAGE
699,2163,1002,2163,1002,2227,699,2227,TEMPURA
1493,2171,1540,2171,1540,2235,1493,2235,1
1681,2176,1911,2176,1911,2248,1681,2248,10,000
392,2235,576,2235,576,2295,392,2295,COLD
593,2235,780,2235,780,2299,593,2299,OCHA
1493,2248,1540,2248,1540,2308,1493,2308,1
1681,2248,1911,2248,1911,2316,1681,2316,10,909
853,2530,1019,2530,1019,2594,853,2594,SUB.
1032,2534,1254,2534,1254,2598,1032,2598,TOTAL
1591,2542,1868,2542,1868,2615,1591,2615,120,909
670,2608,1106,2617,1104,2694,668,2685,RESTAURANT
1117,2619,1262,2619,1262,2692,1117,2692,TAX
1629,2632,1868,2632,1868,2705,1629,2705,12,091
823,2806,1063,2812,1062,2880,822,2875,GRAND
1079,2812,1307,2819,1304,2886,1077,2879,TOTAL
1442,2883,1870,2892,1868,2987,1440,2977,133,000
708,2884,955,2884,955,2952,708,2952,~ CASH
969,2882,1303,2893,1300,2971,966,2961,[133,000]
1338,3268,1583,3294,1576,3365,1330,3339,Change:
1574,3281,1621,3281,1621,3349,1574,3349,0
