116,446,134,446,134,468,116,468,2
144,444,204,444,204,468,144,468,Hero
408,442,490,442,490,468,408,468,23,000
118,474,136,474,136,496,118,496,3
146,474,218,474,218,496,146,496,Choco
226,472,284,472,284,496,226,496,Bite
409,470,489,467,490,492,410,495,19,500
142,562,190,562,190,588,142,588,DUE
412,556,494,556,494,584,412,584,42,500
142,626,204,626,204,652,142,652,CASH
415,618,497,615,498,642,416,645,50,000
142,658,230,658,230,700,142,700,CHANGE
428,650,502,650,502,694,428,694,7,500
240,774,260,774,260,800,240,800,2
270,772,330,772,330,798,270,798,ITEM
56,780,132,780,132,806,56,806,TOTAL
140,778,189,775,191,801,142,804,QTY
366,768,384,768,384,794,366,794,5
392,766,438,766,438,792,392,792,PCS
143,532,255,528,256,554,144,557,SUBTOTAL
412,526,494,526,494,554,412,554,42,500
142,592,258,592,258,618,142,618,ROUNDING
478,586,496,586,496,610,478,610,0
