401,1465,431,1465,431,1523,401,1523,1
455,1462,554,1462,554,1523,455,1523,PKT
571,1458,727,1458,727,1523,571,1523,LELEH
741,1458,843,1458,843,1519,741,1519,AYM
863,1455,1023,1455,1023,1519,863,1519,GEPRK
1352,1451,1556,1446,1558,1512,1353,1518,24,999
397,1523,431,1523,431,1581,397,1581,1
452,1523,547,1523,547,1584,452,1584,PKT
567,1519,666,1519,666,1581,567,1581,MIE
683,1516,843,1516,843,1581,683,1581,LELEH
1353,1513,1557,1513,1557,1577,1353,1577,27,273
448,1638,690,1638,690,1700,448,1700,SUBTOTAL
1356,1635,1557,1635,1557,1700,1356,1700,52,272
448,1700,544,1700,544,1761,448,1761,PB1
567,1700,666,1700,666,1761,567,1761,10%
1387,1700,1557,1700,1557,1764,1387,1764,5,227
452,1813,745,1819,744,1884,451,1878,TOTAL
1176,1822,1550,1822,1550,1890,1176,1890,57,500
445,1880,574,1880,574,1938,445,1938,CASH
1329,1883,1550,1883,1550,1948,1329,1948,110,000
445,1939,634,1945,632,2005,443,1998,Change
1356,1944,1550,1944,1550,2006,1356,2006,52,500
