340,1960,435,1961,437,2024,342,2024,TL
775,1952,1372,1957,1369,2050,779,2050,52,000
337,2034,541,2034,542,2109,334,2113,CASH
1039,2049,1376,2047,1377,2119,1040,2121,100,000
344,2118,440,2118,443,2185,344,2182,CG
1073,2128,1377,2130,1377,2214,1071,2211,48,000
256,1360,299,1362,295,1432,255,1431,1
347,1359,534,1364,531,1438,344,1437,Nasi
1123,1365,1370,1367,1371,1448,1123,1446,6,000
257,1447,291,1446,293,1512,257,1515,1
348,1446,543,1449,543,1522,348,1520,Soup
586,1446,838,1448,836,1524,585,1521,Patin
1074,1446,1373,1450,1375,1526,1072,1519,20,000
258,1528,288,1529,289,1596,256,1602,1
341,1515,934,1527,928,1615,339,1607,Kerang/Kikil
1083,1533,1372,1537,1374,1608,1083,1606,10,000
251,1615,286,1615,286,1682,252,1681,1
342,1610,550,1612,548,1692,343,1693,Tahu
588,1613,791,1616,788,1694,586,1691,Woku
1122,1621,1374,1621,1376,1693,1121,1694,4,000
253,1702,283,1702,283,1766,253,1766,1
340,1698,545,1699,545,1775,341,1777,Tahu
582,1701,830,1701,835,1774,583,1777,Bakso
1128,1703,1373,1703,1373,1788,1128,1788,5,000
250,1788,282,1787,282,1856,252,1856,1
341,1787,489,1788,492,1854,345,1856,Teh
530,1782,784,1787,788,1867,532,1862,Kotak
1125,1787,1380,1790,1385,1870,1124,1875,5,000
250,1875,279,1872,283,1939,256,1940,1
331,1864,676,1870,677,1942,333,1948,Mineral
730,1870,885,1874,883,1955,731,1954,Cup
1126,1877,1380,1878,1382,1956,1124,1953,2,000
