68,764,86,764,86,794,68,794,1
146,764,224,764,224,794,146,794,BBQ
228,763,360,763,360,795,228,795,Chicken
677,767,791,767,791,803,677,803,41,000
68,796,86,796,86,828,68,828,1
165,792,294,803,291,836,162,826,Sedang
774,802,798,802,798,834,774,834,0
68,860,198,860,198,892,68,892,ITEMS:
198,862,216,862,216,892,198,892,1
72,892,162,892,162,922,72,922,Total.
674,900,788,900,788,932,674,932,41,000
76,922,178,922,178,952,76,952,DEBIT
186,922,274,922,274,952,186,952,BCA:
672,929,786,932,785,965,671,963,41,000
676,868,790,868,790,902,676,902,41,000
