158,557,353,557,355,596,160,593,CHIKATSU
373,564,443,562,444,597,373,596,BEN
262,520,326,520,329,556,260,554,10X
510,524,649,524,651,560,509,561,20,000
555,565,717,565,719,602,554,602,200,000
162,640,234,638,233,674,160,674,BOX
256,643,292,642,293,674,256,674,T.
298,644,326,644,326,672,298,672,O
261,599,327,600,327,634,262,635,10X
511,606,623,605,623,642,512,641,1,000
579,646,717,647,716,683,583,684,10,000
163,720,257,722,257,754,161,754,OCHA
261,682,326,681,328,715,260,714,10X
510,685,623,686,624,721,509,720,4,000
577,727,712,728,713,762,576,760,40,000
232,796,303,800,299,833,229,831,TA1
550,802,712,806,711,836,550,835,250,000
226,832,297,835,293,864,224,862,TX1
575,840,714,840,713,875,572,875,25,000
220,867,272,869,270,901,219,898,TL
384,863,716,876,716,923,386,914,275,000
216,906,321,910,316,944,216,940,CASH
550,917,717,918,716,955,549,953,300,000
214,952,266,949,263,985,212,984,CG
576,961,722,959,717,996,574,996,25,000
