187,640,271,637,272,661,188,664,GRAND
276,638,352,638,352,662,276,662,TOTAL
417,654,533,650,534,683,418,687,45,901
148,664,250,664,250,688,148,688,~P. LAIN
253,662,351,659,352,687,254,690,[45,901]
360,772,436,772,436,792,360,792,Change
434,770,452,770,452,788,434,788,0
33,446,145,446,145,468,33,468,SUKIYAKI
150,444,208,444,208,466,150,466,BEEF
208,444,266,444,266,466,208,466,RICE
270,442,382,442,382,466,270,466,DEALJAVA
408,444,422,444,422,462,408,462,1
466,440,544,440,544,464,466,464,41,728
198,544,256,544,256,566,198,566,SUB.
256,542,334,542,334,566,256,566,TOTAL
454,540,534,540,534,564,454,564,41,728
133,573,283,570,284,597,134,600,RESTAURANT
288,570,336,570,336,596,288,596,TAX
470,568,536,568,536,594,470,594,4,173
