58,428,70,428,70,452,58,452,1
78,426,116,426,116,452,78,452,RB.
124,426,200,426,200,452,124,452,COKLAT
206,426,248,426,248,452,206,452,BAR
440,428,506,428,506,456,440,456,8,000
58,458,70,458,70,480,58,480,1
78,454,116,454,116,480,78,480,RB.
124,454,200,454,200,482,124,482,CREPES
206,454,258,454,258,482,206,482,TUNA
440,456,506,456,506,484,440,484,9,000
56,486,70,486,70,508,56,508,1
76,484,116,484,116,510,76,510,RB.
124,484,188,484,188,510,124,510,SISIR
194,484,270,484,270,510,194,510,PANDAN
440,486,506,486,506,514,440,514,7,500
181,541,281,541,281,567,181,567,SUBTOTAL
430,544,506,544,506,572,430,572,24,500
182,570,222,570,222,596,182,596,DUE
430,572,506,572,506,600,430,600,24,500
182,598,236,598,236,626,182,626,CASH
430,602,508,602,508,630,430,630,50,000
182,628,258,628,258,654,182,654,CHANGE
430,630,506,630,506,658,430,658,25,500
18,540,80,540,80,568,18,568,ITEM:
76,542,94,542,94,566,76,566,3
18,570,58,570,58,596,18,596,PCS
76,570,94,570,94,596,76,596,3
