64,462,74,462,74,478,64,478,1
112,460,128,460,128,478,112,478,H
130,458,146,458,146,478,130,478,N
150,458,216,458,216,478,150,478,Cheesy
218,458,264,458,264,478,218,478,Chic
384,460,446,460,446,480,384,480,18,636
64,486,74,486,74,504,64,504,1
110,482,156,485,155,504,109,501,Rice
160,484,234,484,234,502,160,502,Organik
392,486,446,486,446,506,392,506,6,818
62,512,74,512,74,528,62,528,1
110,508,184,508,184,528,110,528,K.Chees
190,508,234,508,234,526,190,526,Chic
238,506,262,506,262,526,238,526,RC
382,510,446,510,446,530,382,530,30,455
62,538,72,538,72,554,62,554,1
110,534,156,534,156,554,110,554,MOCA
158,532,194,532,194,554,158,554,FLT
200,530,262,530,262,552,200,552,OVLTIN
392,534,446,534,446,556,392,556,8,636
62,564,72,564,72,580,62,580,1
108,558,192,558,192,578,108,578,Perkedel
390,560,446,560,446,582,390,582,5,909
60,590,72,590,72,606,60,606,1
108,584,174,584,174,604,108,604,FFries
178,582,232,582,232,602,178,602,Large
382,586,446,586,446,606,382,606,18,182
216,632,250,632,250,652,216,652,Sub
254,629,306,632,305,653,253,650,Total
380,634,446,634,446,656,380,656,88,636
204,706,306,706,306,726,204,726,Pembulatan
418,710,440,710,440,728,418,728,-1
193,732,257,729,258,749,194,752,P.Rest
264,730,288,730,288,750,264,750,10
294,734,306,734,306,750,294,750,%
388,732,442,732,442,752,388,752,8,865
252,794,304,794,304,816,252,816,Total
376,782,442,782,442,816,376,816,97,500
262,822,306,822,306,844,262,844,Cash
370,820,442,820,442,844,370,844,100,000
