508,1062,533,1062,533,1116,508,1116,)
30,749,131,749,131,793,30,793,901016
252,744,364,744,364,790,252,790,- TICKET
374,744,410,744,412,791,374,791,CP
590,742,692,742,692,790,590,790,30,000
304,994,442,994,442,1042,304,1042,Subtotal
598,990,714,990,714,1050,598,1050,30,000
16,1056,174,1060,173,1108,15,1105,TOTAL
540,1062,741,1062,741,1115,540,1115,30,000
214,1058,341,1063,336,1116,213,1111,(Qty
376,1061,503,1061,503,1110,376,1110,1.00
36,1190,90,1190,90,1236,36,1236,EDC
100,1192,158,1192,158,1238,100,1238,BCA
608,1192,716,1192,716,1234,608,1234,30,000
