116,628,234,628,234,654,116,654,CHICKEN
240,628,328,628,328,654,240,654,KATSU
334,628,426,628,426,654,334,654,CURRY
430,630,510,630,510,654,430,654,UDON
554,630,574,630,574,654,554,654,1
630,630,726,630,726,660,630,660,46,364
300,746,366,746,366,774,300,774,SUB.
370,748,460,748,460,776,370,776,TOTAL
610,752,708,752,708,780,610,780,46,364
224,779,400,782,399,812,223,810,RESTAURANT
406,782,464,782,464,812,406,812,TAX
628,788,708,788,708,816,628,816,4,636
288,860,384,860,384,888,288,888,GRAND
390,862,480,862,480,888,390,888,TOTAL
563,888,703,888,703,926,563,926,51,000
186,888,264,888,264,914,186,914,~ BCA
272,888,356,888,356,916,272,916,DEBI..
364,888,480,892,479,924,363,921,[51,000]
494,1037,588,1040,587,1064,493,1061,Change:
586,1036,604,1036,604,1060,586,1060,0
