308,541,362,540,361,569,307,569,Berry
364,540,463,541,464,566,364,569,Many-Low
466,536,500,537,499,569,464,570,(P)
238,542,250,543,251,565,237,564,1
530,565,630,565,631,593,528,597,37,500.00
310,600,349,603,346,628,307,626,500
350,600,398,602,398,630,349,630,days
398,599,425,598,425,628,398,629,of
426,606,506,605,505,624,423,626,summer
304,627,340,627,340,656,304,656,(P)
235,604,249,605,248,626,235,627,1
532,655,632,652,633,680,529,684,37,500.00
307,694,346,693,347,715,307,715,sun
349,690,410,688,413,717,349,717,kissed
411,689,448,690,449,721,411,721,(P)
236,694,247,694,248,715,235,716,1
533,717,635,717,636,743,532,746,37,500.00
310,752,395,751,397,781,310,782,PLASTIC
397,750,444,752,444,778,397,778,BAG
236,759,248,758,248,781,234,781,1
566,782,639,782,641,807,565,809,500.00
325,830,415,830,416,859,323,859,SubTotal
528,830,643,830,645,857,527,858,113,000.00
326,924,416,926,416,951,324,952,Discount
598,920,648,920,649,947,597,946,0.00
325,972,393,970,395,998,324,999,Total
501,967,652,968,654,998,499,1000,113,000.00
279,1045,375,1044,375,1073,280,1077,Payment
535,1042,654,1040,656,1069,533,1073,113,000.00
282,1077,363,1077,363,1107,282,1109,Change
604,1075,655,1074,657,1100,604,1100,0.00
320,1127,338,1125,339,1153,320,1153,4
341,1122,422,1120,422,1153,340,1156,item(s)
422,1122,490,1120,490,1148,421,1150,closed
