188,824,318,826,317,854,187,851,3190-Disney
324,822,418,822,418,850,324,850,Taartjes
424,820,486,820,486,846,424,846,Siram
490,820,566,820,566,844,490,844,Coklat
265,856,373,856,373,884,265,884,14.500,00
412,856,440,856,440,880,412,880,x1
514,852,622,852,622,878,514,878,14.500,00
186,892,330,892,330,920,186,920,1245-Plastik
336,889,444,892,443,918,335,916,Tentengan
448,888,510,888,510,912,448,912,Kecil
320,926,373,923,375,953,322,956,0,00
414,924,440,924,440,950,414,950,x1
572,920,624,920,624,948,572,948,0.00
184,964,294,964,294,992,184,992,4032-Mini
300,960,376,960,376,988,300,988,Glazed
379,960,489,957,490,984,380,986,Croissant
496,960,622,960,622,986,496,986,(isi 5 pcs)
263,996,375,996,375,1026,263,1026,22.000,00
414,996,442,996,442,1020,414,1020,x1
515,992,625,989,626,1017,516,1019,22.000,00
186,1138,260,1138,260,1164,186,1164,Total.
498,1130,608,1130,608,1160,498,1160,36.500,00
186,1170,238,1170,238,1194,186,1194,Cash
188,1202,296,1202,296,1228,188,1228,Tendered:
546,1198,656,1201,655,1228,545,1225,40.000.00
188,1235,272,1238,271,1263,187,1260,Change:
558,1236,658,1236,658,1264,558,1264,3.500.00
184,1070,248,1070,248,1096,184,1096,Total
254,1070,316,1070,316,1096,254,1096,Item:
428,1066,444,1066,444,1092,428,1092,3
