294,2292,694,2267,699,2358,300,2383,1017-Roti
729,2261,989,2261,989,2346,729,2346,Pisang
1020,2246,1201,2255,1197,2346,1016,2337,Keju
644,2380,993,2356,999,2454,650,2478,9.000,00
1147,2359,1237,2359,1237,2436,1147,2436,x1
1564,2352,1912,2380,1904,2477,1556,2449,9.000,00
296,2532,692,2496,701,2587,305,2623,1025-Roti
726,2493,945,2478,950,2560,732,2575,Sosis
977,2470,1152,2470,1152,2560,977,2560,Sapi
604,2617,991,2580,1001,2679,614,2716,11.000,00
1143,2581,1241,2581,1241,2658,1143,2658,x1
1529,2581,1916,2607,1910,2706,1522,2680,11.000,00
1186,2798,1241,2798,1241,2880,1186,2880,2
299,2886,532,2858,543,2946,310,2974,Total
571,2845,780,2845,780,2931,571,2931,Item:
1436,3024,1833,3063,1823,3163,1426,3123,20.000,00
296,3119,560,3086,571,3168,306,3201,Total.
301,3223,492,3205,500,3283,308,3301,Cash
299,3329,692,3280,702,3355,309,3405,Tendered:
1599,3259,2006,3299,1996,3397,1589,3358,20.000,00
