152,688,166,688,166,716,152,716,1
262,686,346,686,346,716,262,716,BLACK
358,686,442,686,442,718,358,718,PRAWN
454,686,536,686,536,718,454,718,PASTA
662,688,762,688,762,720,662,720,80,500
150,728,162,728,162,756,150,756,1
260,724,410,724,410,758,260,758,CARBONARA
663,727,763,724,764,759,664,762,70,500
148,770,160,770,160,798,148,798,1
258,764,328,764,328,798,258,798,EARL
342,764,410,764,410,798,342,798,GREY
422,766,490,766,490,798,422,798,MILK
504,766,554,766,554,800,504,800,TEA
666,768,768,768,768,800,666,800,57,000
200,980,290,980,290,1016,200,1016,TOTAL
388,980,514,980,514,1018,388,1018,242,528
208,810,310,810,310,842,208,842,SUBTTL
652,810,772,810,772,842,652,842,208,000
206,850,262,850,262,882,206,882,SVC
272,850,328,850,328,884,272,884,CHG
340,852,376,852,376,882,340,882,6%
671,850,775,850,775,886,671,886,12,480
204,892,256,892,256,926,204,926,PB1
274,892,326,892,326,926,274,926,10%
674,892,778,892,778,928,674,928,22,048
