28,450,40,450,40,472,28,472,1
64,448,182,448,182,472,64,472,SmokeBeef
190,452,208,452,208,470,190,470,+
214,448,282,448,282,474,214,474,NuTea
433,450,536,440,540,476,437,486,21,818 -
212,516,328,516,328,544,212,544,SubTotal:
424,518,506,518,506,548,424,548,21,818
272,548,326,548,326,576,272,576,PB1:
438,550,506,550,506,582,438,582,2,182
204,620,298,620,298,666,204,666,Total:
418,622,516,622,516,674,418,674,24,000
277,684,343,680,344,703,278,707,cash:
444,680,526,680,526,712,444,712,50,000
240,711,332,716,331,741,238,736,Change:
430,712,510,712,510,740,430,740,26,000
