126,568,144,567,144,601,126,601,1
186,568,316,567,314,604,184,602,SWEEAT
334,568,397,563,398,604,331,605,ICE
412,565,474,565,478,607,412,604,TEA
576,564,705,566,704,608,569,607,16,800
126,611,144,611,146,648,123,647,1
182,613,273,614,271,649,185,647,OREO
288,615,377,610,376,648,288,647,MILK
389,613,493,614,493,646,388,648,BLEND
571,613,705,610,704,654,568,656,28,800
127,657,143,657,143,693,125,692,1
184,660,294,660,294,692,184,692,FRIED
311,660,353,660,353,692,311,692,RC
374,658,474,658,474,691,374,691,SFOOD
575,658,701,658,704,699,572,701,39,800
122,703,142,702,143,739,124,739,1
180,705,311,705,311,737,180,737,SHISHA
575,707,706,707,703,746,575,744,47,000
127,752,144,752,144,785,123,785,1
187,750,314,750,314,783,187,783,MASHED
332,747,456,746,455,780,329,782,POTATO
575,746,705,749,704,791,565,790,23,800
178,840,353,834,354,875,182,879,SUBTOTAL
553,837,703,840,702,883,550,881,156,200
186,887,250,885,246,924,185,923,TAX
575,886,701,889,701,927,572,927,16,480
184,938,207,934,206,972,181,971,S
224,930,351,926,354,969,222,970,CHARGE
370,927,473,926,473,962,368,962,5.50%
591,929,698,934,701,976,590,972,8,591
182,980,312,973,313,1042,177,1048,DUE
396,966,672,973,673,1053,389,1043,181,271
