88,474,130,474,130,492,88,492,Silky
132,472,174,472,174,490,132,490,Green
176,470,206,470,206,488,176,488,Tea
278,466,300,466,300,484,278,484,1x
317,462,375,459,376,480,318,483,12,500
417,458,477,454,479,476,418,479,12,500
88,496,130,496,130,516,88,516,Silky
130,494,196,494,196,512,130,512,Hazelnut
278,488,300,488,300,506,278,506,1x
320,484,376,484,376,504,320,504,12,500
420,480,482,480,482,502,420,502,12.500
88,540,160,540,160,560,88,560,Sub Total
421,529,485,526,486,549,422,552,25.000
240,582,288,582,288,604,240,604,GRAND
290,582,336,582,336,600,290,600,TOTAL
426,578,490,578,490,602,426,602,25,000
286,710,344,710,344,728,286,728,CHANGE
482,708,500,708,500,730,482,730,0
165,631,315,631,315,651,165,651,NCE PUYO 6519
430,630,494,630,494,652,430,652,25,000
