188,479,263,478,263,500,186,499,BENTO
267,479,361,479,361,505,267,505,CHICKEN
186,509,281,509,282,530,186,529,TERIYAKI
448,481,493,481,493,504,448,504,1.00
551,478,659,478,658,504,549,502,32,000.00
756,478,865,476,863,501,756,501,32,000.00
184,551,266,552,266,573,184,572,SURIMI
268,562,279,562,278,568,268,568,-
283,550,390,554,389,576,279,575,SATSUMA
180,583,229,581,231,606,180,602,AGE
234,583,361,582,359,606,234,604,VEGETABLE
447,552,494,552,494,576,447,578,1.00
565,550,659,551,658,576,565,578,8,000.00
769,546,870,548,867,575,768,575,8,000.00
180,626,299,627,299,648,181,646,CALAMARI
305,626,373,626,373,652,303,650,KATSU
446,625,493,626,492,649,446,648,1.00
565,628,658,628,659,650,563,651,9,000.00
770,623,867,623,867,652,770,651,9,000.00
181,679,238,679,238,703,178,704,DORI
242,680,312,680,312,703,242,702,KATSU
445,678,490,678,490,712,445,712,1.00
562,676,658,676,659,705,561,707,9,000.00
768,676,871,678,870,704,768,705,9,000.00
177,737,241,736,241,759,177,758,ROBA
239,740,260,740,260,760,239,760,-
259,737,323,735,319,761,256,761,SPICY
325,736,394,738,394,761,324,759,KAWA
171,768,268,767,268,793,171,792,SKEWER
271,768,337,769,336,794,271,793,KULIT
443,735,492,736,491,759,443,760,1.00
564,738,660,737,659,762,564,762,9,000.00
773,736,873,736,873,760,773,760,9,000.00
172,813,268,814,265,838,174,836,SENDOK
271,814,321,815,321,836,269,836,DAN
327,814,403,815,403,836,324,837,GARPU
170,846,264,844,263,870,170,872,PLASTIK
443,815,488,815,488,840,443,840,1.00
564,816,665,816,665,843,564,843,1,000.00
773,816,874,812,874,842,773,845,1,000.00
170,890,244,891,241,915,170,914,SALAD
247,891,361,892,359,915,247,915,DRESSING
167,925,230,921,230,947,164,947,SPICY
232,924,364,925,363,947,234,946,TOMATOES
163,958,255,958,255,981,163,981,KEWPIE
258,955,326,955,322,981,255,981,25ML
440,894,488,894,488,919,440,919,1.00
563,894,659,894,659,919,563,919,4,500.00
775,894,877,894,877,917,774,917,4,500.00
162,1004,260,1004,260,1029,159,1028,Subtotal
766,1007,879,1007,880,1033,766,1034,72,500.00
158,1062,200,1062,200,1091,158,1091,Tax
780,1067,883,1067,882,1098,780,1099,7,250.00
153,1125,217,1125,217,1156,153,1156,Total
219,1128,313,1127,313,1151,219,1153,Amount
766,1127,885,1129,885,1157,768,1157,79,750.00
152,1190,292,1190,292,1215,149,1215,Pembulatan
792,1192,888,1192,888,1220,793,1220,-250.00
141,1304,222,1302,222,1337,146,1337,TUNAI
771,1306,892,1308,892,1338,771,1337,79,500
136,1407,267,1405,267,1430,136,1434,Kembalian
772,1409,892,1409,892,1436,772,1436,20,500.00
