54,810,146,810,146,846,54,846,Kupon
160,806,182,806,182,838,160,838,7
680,794,792,794,792,834,680,834,42,727
49,857,177,852,179,888,50,893,MINERAL
191,851,285,848,286,883,192,886,WATER
704,842,802,842,802,882,704,882,8,182
37,956,185,951,186,988,38,993,Subtotal
695,940,809,937,810,980,696,982,50,909
34,1006,92,1006,92,1042,34,1042,PB1
112,1004,202,1004,202,1040,112,1040,(10%)
721,992,819,989,821,1033,722,1036,5,091
18,1110,98,1110,98,1148,18,1148,Dine
114,1108,156,1108,156,1146,114,1146,In
173,1108,269,1105,270,1142,174,1144,Total
712,1094,837,1089,839,1134,714,1139,56,000
14,1222,96,1222,96,1258,14,1258,Cash
724,1204,849,1198,851,1244,726,1249,56,000
