130,442,142,442,142,464,130,464,1
158,436,254,440,253,467,157,463,Cheese
258,438,310,438,310,466,258,466,Tart
312,435,398,438,397,469,311,467,Original
460,434,536,434,536,464,460,464,16,360
159,474,265,474,265,500,159,500,Premium
136,510,148,510,148,534,136,534,1
162,506,196,506,196,536,162,536,FL
200,508,254,508,254,534,200,534,Mille
256,507,360,510,359,535,255,533,Crepes -
458,502,534,502,534,530,458,530,33,181
162,542,250,542,250,568,162,568,Damier
250,538,304,538,304,564,250,564,SLC
143,612,285,610,286,639,144,642,SUBTOTAL
458,610,538,610,538,640,458,640,49,541
141,646,245,644,246,673,142,676,DISKON
522,644,540,644,540,672,522,672,0
138,682,220,682,220,712,138,712,BIAYA
224,678,376,678,376,710,224,710,TAMBAHAN
524,678,540,678,540,706,524,706,0
136,716,224,716,224,746,136,746,PAJAK
230,714,286,714,286,746,230,746,PPN
294,714,356,714,356,744,294,744,10 %
454,712,542,712,542,744,454,744,4,954.1
134,754,224,754,224,786,134,786,PAJAK
234,752,286,752,286,782,234,782,0 %
528,748,546,748,546,776,528,776,0
132,793,215,789,217,821,134,826,BIAYA
222,792,266,792,266,822,222,822,CC
528,784,546,784,546,814,528,814,0
133,832,321,827,322,860,134,865,PEMBULATAN
510,824,550,824,550,856,510,856,4.9
128,904,228,904,228,938,128,938,TOTAL
464,898,552,898,552,934,464,934,54,500
127,956,215,953,216,987,128,990,TUNAI
464,948,552,948,552,982,464,982,55,500
130,1030,256,1030,256,1060,130,1060,KEMBALI
482,1022,552,1022,552,1054,482,1054,1,000
102,580,162,580,162,606,102,606,Total
166,578,236,578,236,604,166,604,Menu
240,576,258,576,258,600,240,600,2
130,994,196,994,196,1026,130,1026,NON
200,992,288,992,288,1024,200,1024,TUNAI
532,986,552,986,552,1014,532,1014,0
