554,1493,695,1493,695,1591,554,1591,JPR
729,1493,874,1493,874,1587,729,1587,SUS
896,1493,960,1493,960,1582,896,1582,U
1427,1472,1714,1465,1717,1565,1429,1572,12,727
537,1612,597,1612,597,1710,537,1710,L
631,1612,686,1612,686,1706,631,1706,C
712,1604,951,1604,951,1702,712,1702,MESES
1409,1588,1697,1577,1701,1676,1412,1687,20,000
553,1727,882,1721,884,1817,555,1823,PLASTIK
908,1719,1006,1719,1006,1817,908,1817,33
1651,1702,1710,1702,1710,1792,1651,1792,0
540,1843,907,1833,910,1931,542,1940,SUDTOTAL
1423,1819,1710,1812,1712,1911,1425,1917,32,727
558,1958,704,1958,704,2052,558,2052,PB1
742,1954,883,1954,883,2052,742,2052,10%
1397,1937,1723,1927,1726,2026,1400,2036,10.000%
546,2069,819,2069,819,2167,546,2167,AMOUNT
1476,2048,1719,2048,1719,2150,1476,2150,3,273
563,2423,793,2423,793,2525,563,2525,TOTAL
1454,2402,1736,2402,1736,2504,1454,2504,36,000
902,2300,1364,2285,1367,2388,905,2403,3.00xITEMS
546,2547,746,2547,746,2645,546,2645,CASH
1445,2522,1735,2516,1737,2623,1447,2629,50,000
561,2667,852,2660,854,2761,563,2767,CHANGE
1461,2647,1744,2640,1746,2743,1464,2749,14,000
