567,2009,1006,2009,1006,2171,567,2171,TOTAL
1462,1993,1977,1972,1984,2145,1470,2167,21,000
576,2180,759,2180,759,2265,576,2265,CASH
1721,2147,1979,2138,1982,2225,1724,2234,50,000
566,2284,1086,2262,1093,2430,573,2451,CHANGE
1475,2250,1990,2230,1997,2411,1482,2431,29,000
563,1702,870,1702,870,1792,563,1792,REDBEAN
900,1702,1113,1702,1113,1787,900,1787,BREAD
1743,1686,1962,1679,1964,1769,1746,1776,9,000
482,1706,529,1706,529,1787,482,1787,1
567,1804,955,1804,955,1894,567,1894,FRANKFRUT
984,1805,1279,1799,1281,1884,986,1889,SAUSAGE
1303,1796,1479,1790,1482,1878,1306,1884,ROLL
1712,1787,1966,1778,1969,1868,1716,1877,12,000
486,1809,529,1809,529,1894,486,1894,1
