332,454,346,454,346,470,332,470,x
290,422,368,422,368,442,288,441,ALMOND
368,424,438,424,437,445,368,444,CREAM
436,425,513,426,514,444,436,444,CHEESE
290,450,304,450,304,468,290,468,2
354,450,414,450,414,470,354,470,28,000
610,446,672,446,672,466,610,466,56,000
270,486,311,486,311,505,270,505,SUB
311,487,373,486,373,507,311,507,TOTAL
610,484,672,484,672,504,610,504,56,000
269,541,341,541,341,560,269,560,GRAND
337,540,400,541,400,560,340,559,TOTAL
610,536,674,536,674,558,610,558,56,000
268,576,323,576,323,598,268,598,CASH
323,579,357,579,357,598,323,599,IDR
602,578,674,578,674,600,602,600,100,000
268,619,350,620,350,638,267,638,CHANGE
348,620,390,619,389,638,347,638,DUE
610,618,674,618,674,640,610,640,44,000
