674,1808,833,1813,831,1872,672,1867,KAKE
845,1814,1016,1820,1014,1874,843,1868,UDON
1642,1830,1685,1830,1685,1881,1642,1881,1
1809,1830,2022,1830,2022,1890,1809,1890,30,909
670,1870,927,1881,925,1937,667,1926,KITSUNE
934,1881,1105,1881,1105,1937,934,1937,UDON
1114,1879,1320,1886,1318,1950,1112,1944,(KIDS)
1638,1894,1681,1894,1681,1945,1638,1945,1
1809,1894,2022,1894,2022,1954,1809,1954,28,182
666,1931,833,1937,831,1995,663,1988,COLD
845,1935,1016,1941,1014,1999,843,1993,OCHA
1638,1954,1681,1954,1681,2005,1638,2005,1
1809,1954,2022,1954,2022,2013,1809,2013,10,909
661,1991,982,2000,981,2059,660,2050,SKEWERED
994,1999,1149,2005,1147,2063,992,2057,TOFU
1157,2001,1312,2009,1309,2068,1154,2060,ROLL
1638,2013,1681,2013,1681,2069,1638,2069,1
1804,2018,2022,2018,2022,2077,1804,2077,12,727
658,2052,770,2059,767,2117,654,2111,EBI
772,2060,1045,2060,1045,2120,772,2120,TEMPURA
1634,2082,1681,2082,1681,2133,1634,2133,1
1804,2082,2022,2082,2022,2141,1804,2141,13,636
1067,2312,1218,2321,1214,2380,1063,2371,SUB.
1220,2325,1420,2325,1420,2380,1220,2380,TOTAL
1753,2342,1971,2342,1971,2402,1753,2402,96,363
904,2381,1289,2389,1288,2454,903,2446,RESTAURANT
1301,2393,1429,2393,1429,2453,1301,2453,TAX
1787,2410,1966,2410,1966,2470,1787,2470,9,636
1045,2551,1258,2551,1258,2611,1045,2611,GRAND
1267,2555,1467,2555,1467,2615,1267,2615,TOTAL
1582,2619,1954,2619,1954,2705,1582,2705,105,999
951,2615,1164,2615,1164,2675,951,2675,~ CASH
1174,2611,1469,2621,1466,2693,1171,2683,[105,999]
1490,2946,1705,2960,1701,3026,1486,3011,Change:
1693,2956,1740,2956,1740,3020,1693,3020,0
