234,662,460,662,460,696,234,696,SAMGYOPSAL
544,664,564,664,564,694,544,694,1
685,662,793,659,794,694,686,697,97,000
236,704,416,704,416,738,236,738,OGYOPSAL
544,706,564,706,564,736,544,736,1
686,702,794,702,794,738,686,738,97,000
234,746,380,746,380,778,234,778,YUKHWE
544,746,564,746,564,778,544,778,1
672,746,796,746,796,780,672,780,150,000
234,790,314,790,314,820,234,820,RICE
544,790,564,790,564,820,544,820,1
688,788,794,788,794,824,688,824,15,000
234,830,386,830,386,864,234,864,JABCHAE
390,830,476,830,476,862,390,862,BEEF
544,830,564,830,564,862,544,862,1
686,830,794,830,794,866,686,866,95,000
236,872,330,872,330,904,236,904,OCHA
334,872,450,872,450,904,334,904,DINGIN
544,872,564,872,564,906,544,906,1
688,872,794,872,794,908,688,908,15,000
236,910,368,910,368,946,236,946,(REFILL)
236,946,394,946,394,978,236,978,SUNDUBU
544,946,564,946,564,978,544,978,1
768,948,792,948,792,978,768,978,0
238,982,340,982,340,1014,238,1014,CHIGE
344,984,370,984,370,1014,344,1014,s
238,1038,300,1038,300,1066,238,1066,Sub
302,1038,378,1038,378,1068,302,1068,Total
670,1040,796,1040,796,1074,670,1074,469,000
240,1069,346,1072,345,1102,239,1099,Service
686,1078,794,1078,794,1112,686,1112,23,450
240,1104,306,1104,306,1134,240,1134,VAT
686,1114,794,1114,794,1148,686,1148,49,170
246,1142,370,1142,370,1170,246,1170,Discount
766,1154,792,1154,792,1182,766,1182,0
250,1194,376,1197,375,1229,249,1225,TOTAL
648,1204,792,1209,791,1246,646,1241,541,620
