93,485,145,485,145,505,92,505,BIHUN
150,485,212,484,212,505,150,505,CAMPUR
287,485,296,485,296,504,287,504,1
305,481,361,481,361,507,305,507,43,181
407,484,472,485,472,506,408,505,43,181
90,510,144,511,146,533,90,532,JERUK
151,511,203,511,203,534,150,533,MURNI
285,510,295,510,295,530,285,530,1
304,513,361,510,363,535,303,535,20,000
408,510,469,510,469,536,408,536,20,000
89,541,113,541,112,561,88,561,ES
119,540,162,539,163,563,117,562,NONA
166,540,243,538,243,559,166,561,REGULAR
285,539,298,539,298,562,285,562,1
305,538,362,538,362,563,305,563,13,000
408,539,470,539,470,564,408,564,13,000
87,568,140,569,140,590,87,589,TOTAL
410,566,472,565,472,590,411,591,76,181
85,626,122,626,122,650,85,650,TAX
121,629,178,629,178,650,121,650,10.00
181,625,202,625,202,651,181,651,%
425,626,476,625,477,648,425,650,7,618
79,660,136,659,136,683,80,683,GRAND
140,654,196,654,196,684,140,684,TOTAL
415,656,474,656,474,680,415,681,83,799
80,690,134,690,133,712,80,712,TUNAI
408,687,478,687,478,710,407,710,100,000
76,721,152,721,152,744,77,745,KEMBALI
417,717,479,716,479,742,417,742,16,201
