210,490,230,490,230,512,210,512,x
150,444,370,444,370,472,150,472,ALMOND CREAM
372,443,485,451,483,481,370,473,CHEESE
150,484,168,484,168,510,150,510,2
248,483,334,486,333,517,247,515,28,000
634,500,724,500,724,530,634,530,56,000
126,542,268,542,268,570,126,570,SUB TOTAL
632,558,720,558,720,586,632,586,56,000
126,621,304,625,303,655,125,651,GRAND TOTAL
628,638,718,638,718,666,628,666,56,000
128,680,241,686,239,715,126,710,CASH IDR
630,697,716,700,715,729,629,726,56,000
126,740,287,754,285,785,124,771,CHANGE DUE
696,762,714,762,714,788,696,788,0
