50,958,163,952,165,987,52,992,Before
173,947,333,945,334,983,174,986,Rounding
629,926,763,923,764,962,630,966,135,003
60,700,82,700,82,732,60,732,2
140,698,182,698,182,730,140,730,ES
190,696,260,696,260,728,190,728,TEH
270,694,376,694,376,728,270,728,MANIS
630,688,740,688,740,722,630,722,14,546
60,736,78,736,78,768,60,768,1
138,732,184,732,184,766,138,766,NS
196,730,290,730,290,764,196,764,FILET
296,728,358,728,358,760,296,760,IKN
364,728,433,725,435,757,366,760,ASM
444,726,512,726,512,758,444,758,MNS
629,723,741,719,742,753,630,758,40,910
58,772,78,772,78,802,58,802,1
136,768,303,761,305,795,138,802,NS+AYAM
316,762,364,762,364,794,316,794,GR
370,760,436,760,436,794,370,794,TPG
633,756,743,752,744,786,634,789,37,273
56,808,76,808,76,842,56,842,1
135,804,221,801,222,835,136,838,NASI
231,801,373,795,374,829,232,835,GORENG
378,796,443,793,445,825,380,828,SPC
636,788,746,788,746,824,636,824,30,001
625,856,755,853,756,890,626,893,122,730
644,892,757,887,759,923,646,928,12,273
52,916,124,916,124,952,52,952,VAT
134,914,216,914,216,950,134,950,10%
726,960,762,960,762,992,726,992,-3
51,991,215,989,216,1027,52,1030,Rounding
636,996,770,996,770,1034,636,1034,135,000
48,1034,147,1029,149,1062,50,1067,Total.
637,1035,771,1030,773,1069,638,1074,135,000
53,1068,163,1065,164,1099,54,1102,DEBIT
172,1063,269,1059,270,1094,174,1098,BCA :
50,879,165,875,167,912,52,917,ITEMS
190,876,212,876,212,908,190,908,5
