168,692,186,692,186,724,168,724,1
230,691,322,691,322,723,230,723,Salted
329,689,390,699,384,734,323,724,Egg
390,692,454,692,454,724,390,724,Yalk
458,692,572,692,572,722,458,722,Chicken
628,690,722,690,722,726,628,726,45,000
168,726,186,726,186,756,168,756,1
246,722,326,725,325,756,245,753,Tidak
332,726,420,726,420,754,332,754,Pedas
704,724,724,724,724,752,704,752,0
629,788,723,784,724,819,630,823,45,000
162,824,240,824,240,856,162,856,Total
632,818,724,818,724,854,632,854,45,000
163,856,224,862,220,897,159,891,Pay
227,858,305,855,306,886,228,889,Cash
312,852,410,852,410,890,312,890,50,000
530,861,653,867,651,898,528,892,Change :
647,862,719,859,720,893,648,896,5,000
164,788,282,788,282,822,164,822,ITEMS:
280,788,298,788,298,820,280,820,1
