295,1394,805,1394,805,1465,295,1465,CAPPUCCINO
1213,1395,1529,1391,1530,1468,1214,1472,28,000
442,1659,544,1659,544,1730,442,1730,TL
918,1662,1519,1662,1519,1737,918,1737,76,000
442,1747,649,1747,649,1819,442,1819,CASH
1176,1750,1533,1750,1533,1825,1176,1825,100,000
442,1836,547,1836,547,1904,442,1904,CG
1213,1842,1533,1842,1533,1914,1213,1914,24,000
547,1485,649,1485,649,1550,547,1550,2X
1060,1485,1373,1485,1373,1560,1060,1560,24,000
285,1570,594,1570,594,1638,285,1638,ORANGE
649,1570,907,1570,907,1642,649,1642,JUICE
1217,1574,1529,1574,1529,1649,1217,1649,48,000
