188,757,277,751,279,787,190,792,TOTAL
619,726,719,723,720,761,620,764,10,450
190,800,325,790,328,827,192,837,CASH
621,767,723,767,723,803,621,803,10,450
180,587,285,581,287,617,182,623,NESTLE
296,580,351,577,353,612,298,615,600
362,574,398,574,398,610,362,610,M1
626,560,704,560,704,596,626,596,9,500
368,616,450,610,453,650,370,653,1.00x
186,671,449,654,451,691,188,707,SUBTOTAL
630,642,712,642,712,678,630,678,9,500
188,714,242,714,242,750,188,750,TAX
258,708,310,708,310,744,258,744,10%
664,684,716,684,716,718,664,718,950
