50,1095,232,1100,231,1136,49,1131,Total
546,1112,774,1112,774,1154,546,1154,10,000
46,1146,204,1146,204,1182,46,1182,ELEVENIA
638,1163,758,1166,757,1205,637,1203,10,000
48,1194,166,1194,166,1228,48,1228,CHANGE
732,1218,754,1218,754,1250,732,1250,0
48,902,68,902,68,934,48,934,1
84,898,242,903,241,938,83,933,Elevenia
256,900,339,906,337,940,254,935,Taro
352,902,528,907,527,942,351,937,Smoothies
660,910,764,910,764,952,660,952,9,090
46,998,202,998,202,1034,46,1034,Subtotal
660,1012,762,1012,762,1052,660,1052,9,090
45,1050,147,1047,148,1086,46,1089,Pajak
160,1048,317,1055,315,1088,158,1081,Restoran
700,1064,758,1064,758,1100,700,1100,909
