178,547,281,553,279,581,176,575,CHICKEN
288,554,386,554,386,584,288,584,PICATTA
274,590,290,590,290,616,274,616,1
420,592,502,592,502,622,420,622,46,363
604,592,690,592,690,622,604,622,46,363
178,620,238,620,238,650,178,650,JAVA
248,622,292,622,292,650,248,650,TEA
270,660,288,660,288,686,270,686,1
414,662,502,662,502,694,414,694,11,363
604,664,692,664,692,694,604,694,11,363
168,770,216,770,216,798,168,798,Sub
224,770,298,770,298,798,224,798,Total
606,774,696,774,696,806,606,806,57,726
162,808,240,808,240,840,162,840,Pajak
248,808,322,808,322,836,248,836,Resto
618,812,694,812,694,844,618,844,5,772
164,846,240,846,240,874,164,874,Grand
249,846,321,843,322,871,250,874,Total
608,850,698,850,698,882,608,882,63,498
164,732,258,732,258,760,164,760,Jumlah
268,734,326,734,326,760,268,760,Item
510,738,526,738,526,762,510,762,2
