116,390,264,390,264,416,116,416,SUBTOTAL
387,384,507,378,509,408,388,414,20,000
112,420,170,420,170,446,112,446,TAX
210,418,266,418,266,444,210,444,10%
411,415,509,412,510,441,412,444,2,000
112,450,288,450,288,478,112,478,Total
283,480,511,477,512,508,284,511,22,000
104,514,186,514,186,544,104,544,CASH
388,512,524,512,524,542,388,542,52,000
101,549,225,546,226,577,102,580,CHANGE
404,545,528,545,528,575,404,575,30,000
80,364,100,364,100,390,80,390,2
115,360,245,356,246,385,116,390,MACARON
261,356,335,353,336,381,262,384,BLUE
377,351,505,347,506,377,378,381,22,000
