132,806,275,794,278,827,134,839,CHOCOLATE
284,791,375,786,377,818,286,822,SUNDAE
674,796,758,796,758,832,674,832,8,636
133,850,247,836,251,869,137,883,REGULAR
255,836,335,828,338,861,258,868,FRIES
676,836,761,843,758,878,673,871,8,636
134,889,261,879,263,915,136,924,TakeAway
272,874,362,874,362,906,272,906,Charge
704,884,756,884,756,918,704,918,909
136,981,262,962,267,994,141,1013,Subtotal
661,964,760,976,756,1014,657,1002,18,181
137,1024,190,1018,194,1051,140,1057,PB1
200,1013,276,1001,281,1035,205,1046,(10%)
672,1012,757,1016,755,1054,671,1050,1,818
140,1109,224,1095,229,1125,145,1139,Reund
738,1104,756,1104,756,1130,738,1130,1
286,1117,361,1105,365,1136,290,1148,Total
139,1148,206,1139,210,1167,142,1176,Take
214,1134,279,1128,281,1157,216,1163,Away
658,1126,759,1136,756,1169,655,1159,20,000
662,1200,762,1209,759,1242,659,1234,20,000
141,1224,208,1215,212,1244,145,1254,Cash
