133,899,149,898,148,930,132,931,1
187,893,308,895,307,934,188,932,ORIGINAL
313,898,335,897,335,929,312,930,6
342,896,388,897,388,931,341,932,PCS
748,895,840,895,841,934,746,935,45,000
72,991,122,991,122,1026,72,1025,SUB
126,989,211,989,208,1027,129,1025,TOTAL
747,990,842,989,841,1026,746,1029,45,000
72,1085,152,1085,152,1119,73,1121,TOTAL
157,1086,236,1083,237,1118,156,1121,SALES
747,1083,838,1083,838,1120,746,1121,45,000
73,1132,151,1131,149,1168,72,1170,GOPAY
745,1130,838,1129,837,1168,748,1167,45,000
