96,548,253,557,251,593,94,584,3180-Soes
264,559,366,563,365,593,263,589,Marmer
234,600,368,605,367,643,233,639,7.500,00
424,608,462,608,462,638,424,638,x3
570,604,728,604,728,642,570,642,22.500,00
100,646,258,646,258,682,100,682,1006-Roti
270,650,352,650,352,682,270,682,Molen
236,692,368,692,368,732,236,732,8.000,00
426,694,462,694,462,726,426,726,x2
572,692,730,692,730,730,572,730,16.000,00
99,744,305,739,306,776,100,780,1245-Plastik
316,738,464,741,463,774,315,771,Tentengan
474,736,560,736,560,768,474,768,Kecil
298,786,367,782,369,823,300,826,0,00
426,784,460,784,460,814,426,814,x1
658,784,732,784,732,824,658,824,0,00
96,844,305,832,307,870,98,882,1244-Plastik
318,832,464,832,464,864,318,864,Tentengan
474,823,581,830,579,864,472,857,Sedang
296,878,367,871,371,912,300,919,0,00
426,872,460,872,460,902,426,902,x1
660,874,734,874,734,912,660,912,0,00
442,962,462,962,462,992,442,992,7
89,996,181,986,185,1023,93,1033,Total
200,984,284,984,284,1020,200,1020,Item:
544,1051,703,1061,701,1101,542,1092,38.500,00
85,1094,195,1085,198,1120,88,1128,Total.
80,1140,159,1134,161,1168,82,1173,Cash
612,1149,775,1158,773,1200,610,1191,40.500,00
80,1184,243,1173,245,1204,82,1216,Tendered:
630,1197,775,1204,773,1245,628,1237,2.000,00
80,1221,206,1226,205,1255,79,1250,Change:
