96,645,223,633,225,662,98,673,TOTAL
415,636,509,657,502,686,409,666,157,000
95,673,272,657,275,687,98,703,CHARGE1
414,664,509,686,502,716,407,693,157,000
85,425,181,422,182,451,86,455,CRUNCHY
192,422,248,422,248,450,192,450,CHOC
414,422,510,432,507,463,411,454,157,000
86,458,132,458,132,486,86,486,DUS
142,456,172,456,172,482,142,482,15
488,466,506,466,506,492,488,492,0
86,489,183,483,185,513,88,519,PLASTIK
194,484,274,484,274,512,194,512,SEDANG
282,484,352,484,352,510,282,510,BESAR
488,500,506,500,506,526,488,526,0
85,522,159,514,162,543,89,551,PISAU
168,516,224,516,224,544,168,544,TART
488,532,506,532,506,558,488,558,0
88,584,148,576,152,605,93,613,FREE
156,577,225,573,227,602,158,606,LILIN
234,574,314,574,314,602,234,602,SPIRAL
488,594,506,594,506,620,488,620,0
90,552,122,552,122,580,90,580,5X
284,544,314,544,314,570,284,570,@0
91,613,201,604,203,634,94,643,SUBTOTAL
414,606,510,625,503,656,408,637,157,000
