89,480,194,480,194,510,89,510,TROPICAL
199,478,265,478,265,506,199,506,PUNCH
63,482,84,482,84,515,63,515,1
401,471,479,471,479,505,401,505,30,000
212,607,314,602,315,629,213,632,SUBTOTAL
401,596,486,596,488,632,398,631,54,546
268,631,316,631,316,664,268,664,TAX
412,634,496,632,491,668,415,668,5,454
86,715,218,706,223,757,90,766,TOTAL
327,697,492,697,492,756,327,756,60,000
87,515,147,515,147,543,87,543,SOUP
150,513,195,513,195,540,150,540,50%
65,517,83,517,83,549,65,549,1
409,502,484,502,484,537,409,537,7,273
87,549,161,549,161,575,87,575,SALAD
163,543,206,543,206,572,163,572,BAR
212,539,255,539,256,569,212,570,50%
62,550,81,550,81,578,62,578,1
404,538,484,538,484,570,403,570,17,273
