52,454,64,454,64,476,52,476,1
72,450,168,450,168,476,72,476,Ketoprak
174,448,212,448,212,474,174,474,SPC
407,444,481,441,482,470,408,473,29,090
74,574,190,574,190,602,74,602,TOTAL
345,570,485,565,486,596,346,601,32,000
70,628,124,628,124,654,70,654,CASH
414,620,490,620,490,648,414,648,50,000
70,653,146,656,145,682,69,679,Change
416,646,490,646,490,676,416,676,18,000
72,500,168,500,168,526,72,526,SUBTOTAL
408,492,484,492,484,522,408,522,29,090
70,526,112,526,112,552,70,552,PB1
120,524,158,524,158,550,120,550,10%
420,518,484,518,484,546,420,546,2,909
