292,601,308,602,308,630,292,629,1
317,601,403,598,403,629,315,629,JUICE
407,600,504,597,504,627,407,629,JAMBU
782,590,881,589,883,624,781,624,16,364
290,637,310,639,310,669,291,669,1
313,637,376,638,374,668,314,668,TEH
380,637,487,637,489,665,381,666,TAWAR
799,627,886,626,886,661,800,663,5,455
288,677,311,677,311,705,288,705,1
320,673,340,673,341,707,319,707,N
344,675,409,675,410,706,343,705,AYM
415,673,528,670,528,702,416,705,PENYET
316,711,434,713,435,741,316,742,SAMBAL
441,709,542,707,544,739,440,739,MATAH
783,667,884,665,885,698,782,699,25,455
293,752,307,751,309,780,294,781,1
314,747,401,747,399,779,315,782,TAHU
406,746,512,747,513,779,405,780,DOMBA
319,785,464,783,465,817,318,820,MEMBARA
786,742,890,739,890,769,788,777,13,636
292,826,309,825,312,858,293,858,1
314,825,359,828,357,857,314,856,TP
364,825,451,824,450,855,364,856,KULIT
789,814,893,813,895,852,790,852,12,273
500,897,617,893,617,927,499,928,Subtotal
791,891,897,892,893,928,791,926,73,183
563,935,621,936,620,968,561,967,PB1
811,931,897,931,895,966,810,967,7,318
529,978,625,977,621,1016,527,1018,Total
771,974,896,973,899,1014,770,1016,80,501
523,1013,623,1016,628,1054,518,1051,CASH
744,1013,900,1014,896,1054,747,1057,100,000
381,1057,470,1059,466,1098,380,1097,Cash
472,1056,626,1054,626,1093,473,1094,CHANGE
758,1052,900,1051,900,1094,758,1095,-19,499
473,1097,549,1097,549,1131,472,1131,Total
553,1096,623,1099,624,1129,552,1128,Item
884,1096,902,1096,902,1125,884,1125,5
490,1139,566,1137,567,1169,490,1170,Total
572,1136,627,1137,624,1174,571,1174,Qty
882,1133,905,1132,906,1170,882,1168,5
