312,536,327,536,327,563,312,563,1
335,533,396,534,395,565,335,564,TEH
400,534,503,534,503,562,400,562,TAWAR
769,530,845,530,845,562,769,562,5,454
309,574,327,574,327,600,309,600,2
335,572,386,572,386,601,335,601,AIR
396,570,519,570,519,600,396,600,MINERAL
752,568,845,568,845,600,752,600,15,454
312,609,327,609,327,640,312,640,1
336,608,348,608,348,640,336,640,I
353,608,438,608,438,640,353,640,TRIPL
447,609,502,609,502,637,447,637,CHZ
753,607,847,607,847,639,753,639,18,636
310,649,326,649,326,678,310,678,1
336,649,347,649,347,680,336,680,I
356,650,470,650,470,678,356,678,SPECIAL
480,648,532,648,532,680,480,680,SBL
337,688,433,688,433,716,337,716,MATAH
754,647,844,647,844,680,754,680,18,181
305,728,326,728,326,757,305,757,1
336,728,346,728,346,756,336,756,I
358,728,417,728,417,756,358,756,ROA
425,727,550,726,551,754,425,755,GORENG
335,764,392,764,393,795,335,796,SPC
752,724,846,724,846,758,752,758,18,181
491,843,605,840,606,874,491,875,Subtotal
756,840,852,840,852,876,756,876,75,906
552,883,600,883,600,913,552,913,Pb1
774,880,855,880,855,917,774,917,7,590
513,928,608,928,607,961,514,962,Total
731,931,852,931,852,964,731,964,83,497
508,973,607,971,607,1004,508,1005,CASH
712,969,856,969,856,1007,712,1007,100,000
360,1013,443,1013,443,1048,360,1048,Cash
456,1008,608,1008,608,1047,456,1047,CHANGE
716,1012,855,1012,855,1049,716,1049,-16,503
457,1050,533,1049,533,1080,457,1081,Total
539,1050,608,1049,609,1080,539,1082,Item
842,1052,860,1052,860,1080,842,1080,5
475,1092,548,1092,548,1124,475,1124,Total
557,1089,607,1089,609,1130,557,1128,Qty
843,1094,862,1094,862,1128,843,1128,6
