126,766,230,756,234,799,131,809,TOTAL
605,734,729,731,730,775,606,778,36,300
128,821,282,803,287,846,133,865,CASH
608,784,732,784,732,828,608,828,50,000
125,876,250,859,256,903,131,920,CHANGE
613,837,735,833,737,878,614,882,13,700
331,602,509,596,510,636,332,641,1.00xITEMS
128,658,413,645,415,686,130,699,SUBTOTAL
598,638,721,631,723,674,600,680,33,000
130,710,192,710,192,754,130,754,TAX
212,706,268,706,268,746,212,746,10%
620,685,725,681,727,724,622,728,3,300
128,552,190,552,190,594,128,594,PKT
204,554,282,554,282,594,204,594,AYAM
594,543,715,535,717,577,596,585,33,000
