254,602,309,602,308,629,253,629,PPN=
308,603,350,605,350,629,308,627,282
18,336,50,336,49,362,19,363,LE
55,334,151,334,150,358,55,360,MINERALE
157,334,214,333,217,359,156,359,600ML
288,334,300,334,300,357,288,358,1
328,333,379,334,379,359,327,356,3100
427,334,490,334,491,359,426,360,3,100
20,367,107,364,108,390,20,392,PLASTIK
112,365,151,363,151,388,111,387,SDG
289,364,300,364,299,387,289,387,1
364,363,376,363,376,388,364,387,1
475,364,487,364,488,388,475,388,1
288,391,357,391,358,417,285,417,DISKON
452,392,488,392,488,421,452,421,(1)
244,451,302,451,304,478,243,477,HARGA
308,450,359,453,358,476,308,476,JUAL
428,452,492,453,492,481,428,481,3,100
298,511,358,509,359,537,296,539,TOTAL
431,512,491,511,490,537,430,539,3,100
297,538,358,540,359,570,297,570,TUNAI
430,540,492,539,492,567,427,571,5,000
275,571,358,572,358,600,275,599,KEMBALI
433,569,492,568,494,596,432,600,1,900
