-5,762,226,745,231,818,0,835,APUCINO
234,745,421,739,423,808,236,814,MEDIUM
808,738,990,738,990,808,808,808,18,182
-4,837,118,829,122,896,0,905,Gula
125,828,282,820,285,881,128,889,Murni
294,814,422,806,427,871,299,880,100%
-2,977,233,950,241,1016,4,1043,Subtotal
794,942,968,942,968,1010,794,1010,18.182
1,1042,159,1020,168,1085,10,1107,PAJAK
174,1018,270,1018,270,1082,174,1082,10%
816,1010,964,1010,964,1078,816,1078,1,818
13,1105,163,1085,171,1147,21,1167,Total
786,1072,959,1077,957,1142,784,1137,20.000
25,1219,151,1204,159,1265,33,1281,CASH
778,1196,949,1202,947,1266,776,1261,20.000
