303,477,316,476,317,498,305,497,1
344,475,413,474,414,499,344,500,UDANG
424,475,497,477,498,503,424,502,REBUS
508,476,549,476,550,508,507,508,(M)
590,475,685,472,687,500,587,506,162,000
354,504,496,504,498,529,354,533,=*MEDIUM*=
302,534,316,534,317,561,301,560,1
344,535,417,534,416,559,344,559,ANGSIO
424,533,456,533,458,562,422,561,TH
464,535,500,535,500,561,463,562,PC
507,534,555,533,555,563,504,565,JMR
589,534,683,534,685,563,589,563,147,000
353,565,496,565,497,591,353,590,=*MEDIUM*=
301,595,314,594,316,620,303,621,1
341,593,403,592,403,622,340,624,AYAM
409,596,440,596,441,621,410,619,GR
450,597,535,595,537,621,451,620,KERING
586,596,684,594,687,623,589,626,108,000
352,624,495,624,497,652,351,653,=*MEDIUM*=
301,657,314,656,315,681,301,682,1
341,657,414,656,414,680,341,681,BIHUN
423,657,507,656,509,682,422,680,GORENG
518,656,548,655,548,682,519,682,JJ
599,656,684,655,685,685,600,685,87,000
350,687,496,687,498,713,351,713,=*MEDIUM*=
299,716,317,715,317,744,297,744,1
337,714,404,715,404,742,338,744,NASI
407,715,497,716,496,744,406,743,GORENG
503,716,562,715,565,744,503,746,NJUN
596,718,683,716,683,746,597,748,87,000
354,746,493,747,496,773,355,772,=*MEDIUM*=
298,776,317,776,317,804,298,803,5
337,777,384,776,384,802,337,801,HOT
395,775,439,776,441,802,396,801,TEA
466,776,548,775,549,805,464,807,12,000
598,778,683,777,688,807,599,806,60,000
294,805,314,806,316,834,294,835,1
339,806,400,806,399,832,338,831,IKAN
406,808,494,806,494,832,406,834,GURAME
503,805,546,804,549,832,503,834,MED
350,836,398,837,397,863,349,862,SOP
406,836,465,836,467,863,407,863,IKAN
585,807,682,805,686,835,587,838,158,000
295,868,309,865,310,896,296,896,1
333,864,397,864,397,895,333,895,CUMI
403,866,438,866,440,893,404,892,GR
446,868,533,864,536,892,444,895,JUNJAN
588,869,685,868,687,898,587,899,172,000
344,896,493,899,495,928,344,926,=*LARGE*==
293,931,305,931,308,957,294,957,1
334,931,382,931,382,956,333,956,SUP
388,929,475,928,478,957,388,957,BURUNG
486,931,546,930,547,958,488,958,DARA
597,931,683,929,687,960,599,962,38,000
292,962,309,963,308,990,290,990,1
334,961,397,962,397,989,333,990,ICED
402,961,453,960,452,990,405,991,TEA
597,960,689,958,691,994,596,995,12,000
290,994,309,993,308,1022,289,1022,1
330,992,435,992,435,1021,330,1025,CHINESE
444,991,497,991,496,1023,444,1023,TEA
348,1025,448,1023,449,1051,347,1051,KWAN'IM
596,994,690,994,691,1027,595,1027,14,000
290,1058,309,1057,309,1081,289,1081,2
331,1058,388,1055,389,1082,330,1082,NASI
401,1057,481,1056,478,1084,400,1084,PUTIH
503,1059,586,1060,587,1088,501,1087,10,000
600,1059,684,1058,687,1090,596,1088,20,000
331,1118,392,1119,391,1144,330,1144,FOOD
584,1121,684,1123,687,1152,584,1152,959,000
333,1149,464,1148,463,1179,332,1178,BEVERAGES
596,1155,685,1155,685,1183,596,1183,86,000
331,1180,418,1180,419,1209,331,1208,OTHERS
594,1186,686,1185,688,1218,596,1216,20,000
329,1211,446,1214,445,1241,327,1237,SUBTOTAL
555,1216,687,1217,689,1250,555,1250,1,065,000
328,1242,433,1244,439,1275,327,1271,SERVICE
440,1246,533,1246,535,1275,442,1275,CHARGE
598,1248,685,1248,686,1279,597,1279,63,900
330,1276,377,1276,379,1303,330,1302,Tax
383,1275,430,1275,434,1306,387,1307,10%
582,1279,686,1280,689,1313,581,1313,112,890
326,1308,390,1307,392,1358,324,1358,DU
411,1308,673,1312,677,1369,410,1372,1,241,790
