73,1116,147,1110,149,1145,76,1151,Cash
92,593,240,596,239,630,91,627,1069-ROTI
252,596,322,596,322,628,252,628,KEJU
332,596,430,596,430,628,332,628,COKLAT
218,636,350,636,350,672,218,672,8.500,00
406,638,440,638,440,668,406,668,x1
564,636,702,636,702,674,564,674,8.500,00
90,678,238,678,238,712,90,712,1037-ROTI
250,678,444,678,444,710,250,710,MAHKOTA/RING
202,720,350,720,350,754,202,754,10.500,00
406,722,440,722,440,750,406,750,x1
549,719,703,719,703,757,549,757,10.500,00
85,764,235,761,236,796,86,799,1022-ROTI
248,761,350,761,350,793,248,793,KACANG
360,762,444,762,444,794,360,794,MERAH
214,804,348,804,348,842,214,842,8.000,00
406,806,440,806,440,836,406,836,x1
566,805,706,808,705,847,565,844,8.000,00
82,851,233,846,235,881,84,887,1001-ROTI
248,848,348,848,348,882,248,882,COKLAT
210,890,346,890,346,928,210,928,8.000,00
404,892,440,892,440,924,404,924,x1
568,894,708,894,708,934,568,934,8.000,00
78,984,163,979,165,1013,80,1018,Total
178,980,260,980,260,1012,178,1012,Item:
420,980,440,980,440,1014,420,1014,4
76,1072,177,1066,179,1100,78,1106,Total.
520,1069,676,1074,675,1113,519,1108,35.000,00
74,1161,223,1152,225,1185,76,1194,Tendered:
587,1154,746,1174,741,1215,582,1195,50.000,00
73,1206,193,1203,194,1237,74,1240,Change:
591,1200,745,1225,739,1268,584,1243,15.000,00
