235,876,327,876,327,924,235,924,TAX
343,876,408,876,408,921,343,921,10%
673,930,787,926,789,980,673,978,5,300
229,980,323,980,323,1030,229,1030,DISC
702,982,792,982,792,1036,702,1036,-300
230,772,345,768,345,817,230,817,RAMES
364,770,453,770,453,817,361,819,AYAM
657,770,800,770,800,818,657,818,26,000
228,1082,345,1084,345,1135,228,1135,TOTAL
656,1085,792,1085,792,1142,656,1142,58,000
224,1138,395,1138,394,1187,224,1184,CASH
632,1141,789,1142,792,1196,631,1196,100,000
227,1191,365,1192,364,1240,227,1239,CHANGE
661,1199,793,1196,794,1251,661,1249,42,000
396,1034,482,1034,482,1085,396,1085,2.00
507,1032,618,1032,618,1083,507,1083,ITEMS
224,819,378,819,383,869,224,871,Dendeng
398,824,470,824,470,873,398,873,PDS
654,824,787,824,787,873,654,873,27,000
