332,706,350,706,350,732,332,732,1
361,703,451,703,451,731,361,731,Lumpia
458,704,507,701,509,729,460,732,Klt
518,702,578,702,578,730,518,730,Tahu
588,702,632,702,632,734,588,734,(3)
784,694,868,694,868,724,784,724,43,000
332,734,350,734,350,760,332,760,1
362,734,396,734,396,760,362,760,SM
406,731,482,733,481,762,405,759,Udang
488,732,508,732,508,760,488,760,&
518,732,564,732,564,760,518,760,Aym
576,730,618,730,618,764,576,764,(4)
784,722,874,722,874,752,784,752,50,000
334,762,350,762,350,788,334,788,1
360,762,410,762,410,790,360,790,XLB
418,759,576,759,576,789,418,789,Kptg&Aym(4)
783,752,875,749,876,780,784,783,56,000
334,790,350,790,350,816,334,816,1
362,790,464,790,464,816,362,816,Brokoli
476,789,523,792,521,820,474,817,Bwg
530,786,608,786,608,814,530,814,Putih
784,781,877,777,879,808,786,812,60,000
336,820,350,820,350,844,336,844,1
362,818,410,818,410,846,362,846,Mie
420,816,467,820,465,849,418,845,Sup
474,818,510,818,510,844,474,844,WT
520,816,552,816,552,846,520,846,(U
560,816,578,816,578,842,560,842,&
586,816,618,816,618,848,586,848,A)
786,808,878,808,878,842,786,842,53,000
334,848,350,848,350,874,334,874,1
362,846,410,846,410,872,362,872,The
418,844,522,844,522,872,418,872,Roselle
785,838,879,835,880,868,786,871,32,000
360,902,480,902,480,930,360,930,SUBTOTAL
772,894,882,894,882,926,772,926,294,000
364,932,468,932,468,958,364,958,Service
476,928,567,934,565,963,474,957,Charge
576,928,638,928,638,960,576,960,7,5%
787,924,881,921,882,952,788,955,22,050
362,960,412,960,412,986,362,986,PB1
422,958,468,958,468,986,422,986,10%
787,952,883,949,884,980,788,983,31,605
365,1014,503,1014,503,1044,365,1044,TOTAL
675,1008,879,1003,880,1038,676,1042,347,655
360,1070,422,1070,422,1098,360,1098,CIMB
430,1068,492,1068,492,1098,430,1098,VISA
776,1064,884,1064,884,1098,776,1098,347,655
