201,859,273,856,275,893,200,892,Incl.
282,856,333,854,334,890,282,890,Pb1
343,855,391,850,393,886,346,888,10%
603,844,672,842,671,879,602,883,3,909
168,651,183,649,184,680,167,681,1
192,646,284,644,286,679,192,682,CHEESE
291,644,357,643,358,676,291,677,TIME
586,635,671,634,670,669,583,673,43,000
192,712,343,712,347,769,191,774,TOTAL
508,702,670,702,671,759,499,774,43,000
197,771,261,767,262,801,194,805,CASH
587,757,671,755,673,791,590,793,50,000
196,802,378,796,379,859,195,864,CHANGE
534,792,672,788,675,845,527,858,7,000
