121,1175,296,1192,292,1236,116,1219,TOTAL
480,1210,751,1222,749,1265,478,1253,256,608
148,990,249,997,247,1036,146,1029,SUBTTL
612,1018,753,1023,751,1067,610,1062,216,000
143,1036,262,1046,259,1083,140,1073,Service
273,1044,381,1056,376,1095,268,1083,Charge
634,1068,753,1073,751,1118,632,1112,17,280
136,1084,192,1084,192,1124,136,1124,TAX
632,1118,754,1122,753,1166,630,1162,23,328
140,784,408,784,408,820,140,820,BEVERAGE
574,788,688,788,688,826,574,826,32,000
138,948,269,954,267,991,137,986,FOOD
560,968,693,972,691,1015,558,1010,184,000
126,744,142,744,142,776,126,776,1
158,742,360,742,360,778,158,778,BLACKCURRANT
628,746,740,746,740,786,628,786,32,000
126,830,140,830,140,860,126,860,1
156,826,244,826,244,860,156,860,FRIED
256,823,390,827,389,864,255,860,CALAMARI
630,832,744,836,743,875,629,872,85,000
122,870,138,870,138,902,122,902,1
154,864,260,866,259,904,153,901,SALTED
272,868,324,868,324,904,272,904,EGG
336,870,406,870,406,908,336,908,FISH
418,874,438,874,438,908,418,908,&
452,874,544,874,544,912,452,912,CHIPS
630,880,746,880,746,922,630,922,99,000
122,914,136,914,136,944,122,944,1
152,910,256,910,256,946,152,946,DANISH
268,910,339,913,337,950,266,947,FISH
350,916,370,916,370,950,350,950,&
382,916,472,916,472,954,382,954,CHIPS
