244,472,302,472,302,498,244,498,GRAND
308,472,366,472,366,498,308,498,TOTAL
480,472,550,472,550,498,480,498,34,500
80,528,130,528,130,554,80,554,CASH
482,526,554,526,554,552,482,552,50,000
298,608,370,608,370,636,298,636,CHANGE
488,608,560,608,560,636,488,636,15,500
28,422,66,422,66,446,28,446,Sub
72,422,130,422,130,446,72,446,Total
476,420,548,420,548,446,476,446,34,500
24,322,84,322,84,346,24,346,Choco
90,320,162,320,162,346,90,346,Lining
166,320,226,320,226,344,166,344,Bread
298,320,322,320,322,344,298,344,1x
350,318,420,318,420,346,350,346,21,000
478,318,550,318,550,344,478,344,21,000
26,348,76,348,76,370,26,370,Tuna
82,348,98,348,98,370,82,370,N
104,346,184,346,184,370,104,370,Chicken
190,346,248,346,248,370,190,370,Floos
254,346,312,346,312,368,254,368,Bread
298,372,322,372,322,392,298,392,1x
350,368,418,368,418,394,350,394,13,500
476,368,544,368,544,394,476,394,13,500
