218,476,235,477,234,501,217,500,2
260,477,335,477,335,502,260,502,UDANG
346,480,379,480,379,505,346,505,RE
404,478,503,478,503,505,404,507,216,000
513,478,616,477,616,505,513,506,432,000
217,508,234,508,234,532,217,532,2
274,509,418,508,419,535,274,537,=*LARGE*==
217,539,233,539,233,569,217,569,1
260,542,308,542,308,565,260,565,AYM
318,541,350,541,350,565,318,565,GR
361,540,409,540,408,566,360,566,JUN
417,541,476,541,477,565,416,565,NJAN
515,540,616,538,616,569,515,568,108,000
275,569,421,569,421,599,275,599,=*MEDIUM*=
218,604,233,604,233,632,218,632,1
261,602,320,602,321,629,261,630,SAPO
332,604,363,603,364,628,333,629,TH
373,605,474,603,475,628,374,629,SEAFOOD
516,602,616,603,615,632,516,630,172,000
274,632,423,632,423,661,274,661,=*LARGE*==
216,666,234,666,234,691,216,690,2
259,666,333,667,333,691,258,691,POCAI
343,664,363,664,363,691,343,691,3
403,665,503,665,504,695,403,694,111,000
514,663,618,666,616,696,513,694,222,000
217,696,232,696,232,722,217,722,2
273,696,418,696,418,723,273,722,=*MEDIUM*=
215,731,231,731,232,754,215,754,1
257,730,348,730,348,753,257,754,GURAME
357,728,447,728,447,755,357,755,FILLET
456,727,478,727,478,753,456,753,M
272,761,335,761,335,787,271,787,ASAM
343,762,420,762,420,786,343,786,MANIS
516,727,617,727,617,759,515,759,163,000
216,792,232,792,232,816,216,816,1
255,792,333,792,333,818,254,818,BIHUN
344,792,433,792,432,817,344,817,GORENG
444,792,476,792,475,817,444,816,JJ
515,790,619,790,619,823,515,822,116,000
267,821,418,822,418,853,268,853,=*LARGE*==
215,858,232,858,231,884,212,883,5
259,858,317,858,317,884,259,884,ICED
329,859,373,859,374,883,328,884,TEA
403,856,490,854,491,888,402,889,12,000
527,857,620,858,620,889,529,888,60,000
211,888,229,888,229,916,211,916,7
256,891,312,891,312,916,256,916,NASI
326,892,404,891,403,916,327,918,PUTIH
430,889,517,889,518,922,429,923,10,000
527,892,621,892,622,922,528,922,70,000
251,1056,368,1056,370,1084,249,1082,SUBTOTAL
487,1056,622,1058,621,1091,486,1091,1,343,000
252,1089,357,1088,357,1117,252,1117,SERVICE
369,1091,460,1090,460,1118,369,1117,CHARGE
530,1092,622,1091,623,1124,530,1123,80,580
250,1121,296,1123,298,1148,250,1151,Tax
308,1123,358,1123,359,1150,310,1153,10%
514,1124,622,1122,623,1160,516,1160,142,358
252,956,315,957,314,983,252,981,FOOD
485,959,623,959,622,989,486,989,1,213,000
253,989,388,989,388,1017,253,1017,BEVERAGES
529,992,623,992,623,1021,529,1021,60,000
251,1021,343,1022,343,1050,251,1049,OTHERS
532,1025,621,1025,621,1057,532,1057,70,000
248,1154,313,1153,317,1203,249,1203,DU
337,1156,607,1155,608,1218,337,1218,1,565,938
