76,358,86,358,86,376,76,376,1
128,354,164,354,164,376,128,376,CKM
172,358,184,358,184,376,172,376,1
192,354,218,354,218,374,192,374,OR
422,350,488,350,488,374,422,374,29,545
76,386,88,386,88,402,76,402,1
128,382,198,382,198,404,128,404,Sundae
432,378,490,378,490,400,432,400,8,182
294,580,352,580,352,602,294,602,Total
434,568,506,568,506,604,434,604,41,500
306,608,354,608,354,632,306,632,Cash
438,610,510,610,510,634,438,634,51,500
272,670,358,670,358,694,272,694,Kembali
444,668,516,668,516,694,444,694,10,000
100,804,118,804,118,828,100,828,2
126,802,202,802,202,828,126,828,Items,
246,430,282,430,282,450,246,450,Sub
288,430,344,430,344,450,288,450,Total
420,430,491,425,493,449,422,453,37,727
224,508,294,508,294,530,224,530,P.Rest
302,506,328,506,328,528,302,528,10
336,510,350,510,350,526,336,526,%
440,508,500,508,500,532,440,532,3,773
