63,460,73,459,74,478,64,478,1
112,459,127,458,128,478,112,478,H
132,457,147,458,147,479,131,479,N
150,458,216,458,216,478,150,478,Cheesy
218,458,264,458,264,478,218,478,Chic
384,460,446,460,446,480,384,482,18,636
63,485,72,484,74,504,64,504,1
110,482,156,485,155,504,109,501,Rice
160,484,234,484,235,503,159,506,Organik
392,486,446,486,446,506,392,506,6,818
61,510,72,509,74,531,62,530,1
110,508,184,508,184,528,110,528,K.Chees
190,508,234,508,235,527,189,528,Chic
238,506,262,506,262,526,238,526,RC
382,510,446,510,446,530,382,533,30,455
61,536,73,535,73,555,61,556,1
110,534,156,534,156,554,110,554,MOCA
158,532,194,532,194,554,158,554,FLT
200,530,262,530,262,552,200,552,OVLTIN
392,534,446,534,446,556,392,558,8,636
61,561,71,561,71,582,60,582,1
108,558,192,558,193,578,107,582,Perkedel
390,560,446,560,446,582,390,582,5,909
59,587,72,587,72,606,60,606,1
108,584,174,584,174,604,108,604,FFries
178,582,232,582,233,604,177,605,Large
382,586,446,586,446,606,382,606,18,182
216,632,250,632,250,652,216,652,Sub
254,629,306,632,305,653,253,650,Total
380,634,446,634,446,656,379,658,88,636
204,706,306,706,308,727,204,729,Pembulatan
418,710,440,710,441,730,418,728,-1
193,732,257,729,260,751,194,754,P.Rest
264,730,288,730,288,750,264,750,10
294,734,306,734,306,750,294,750,%
388,732,442,732,442,752,388,752,8,865
252,794,304,794,306,817,251,818,Total
376,782,442,782,444,817,374,819,97,500
262,822,306,822,306,844,262,844,Cash
370,820,442,820,442,844,370,844,100,000
