29,432,125,428,126,455,30,460,94759141
135,428,211,424,212,452,136,455,VALINO
220,424,284,424,284,450,220,450,DONNA
417,418,513,414,515,441,418,445,498,608
232,454,248,454,248,478,232,478,2
318,448,410,448,410,476,318,476,349,900
54,488,106,488,106,512,54,512,disc
114,486,166,486,166,510,114,510,toko
196,482,246,482,246,508,196,508,25%(
268,480,298,480,298,504,268,504,2)
305,478,411,475,412,502,306,505,-174,950
52,516,106,516,106,540,52,540,disc
112,514,190,514,190,538,112,538,mrcday
208,510,248,510,248,534,208,534,5%(
270,508,300,508,300,534,270,534,2)
320,506,414,506,414,532,320,532,-26,242
28,542,130,542,130,568,28,568,93025784
136,540,166,540,166,566,136,566,SB
174,538,226,538,226,564,174,564,SIZE
236,538,288,538,288,562,236,562,45.5
502,532,520,532,520,556,502,556,0
100,598,118,598,118,619,100,619,3
129,598,190,598,190,619,129,619,ITEMS
286,594,351,594,351,616,286,616,TOTAL
426,592,520,591,521,613,426,614,498,608
