723,828,831,824,832,861,724,865,28,000
42,828,120,828,120,860,42,860,SUB
124,827,242,829,241,864,123,861,TOTAL
80,695,658,698,657,734,79,731,ALMOND CHOCO CREAM CHEESE
82,750,100,750,100,784,82,784,1
214,751,330,751,330,787,214,787,28,000
718,752,826,752,826,788,718,788,28,000
46,926,296,933,295,967,45,961,GRAND TOTAL
726,934,836,934,836,972,726,972,28,000
58,1057,207,1064,205,1094,56,1087,CHANGE
210,1065,286,1068,285,1098,209,1095,DUE
802,1084,826,1084,826,1114,802,1114,0
50,995,280,1004,279,1035,49,1026,OTHER20710
723,1013,833,1010,834,1047,724,1050,28,000
