86,860,163,860,163,884,86,884,WALL'S
175,858,239,858,239,886,175,886,FEAST
251,859,338,859,338,888,251,888,CKLT.65
386,864,400,864,400,889,386,889,1
433,868,485,868,485,891,433,891,5400
547,869,608,869,608,896,547,896,5,400
330,1007,403,1008,404,1036,330,1036,HARGA
413,1010,463,1010,463,1037,413,1037,JUAL
540,1012,616,1012,616,1041,540,1041,25,900
359,1161,411,1161,411,1195,359,1195,PPN=
425,1162,496,1162,496,1194,425,1194,2,355
399,1086,464,1086,464,1114,399,1114,TOTAL
539,1088,620,1088,620,1120,539,1120,25,900
399,1123,462,1123,462,1158,399,1158,TUNAI
543,1128,622,1128,622,1157,543,1157,25,900
80,895,135,895,135,923,80,923,CMPN
148,894,337,894,337,923,148,923,TROPICANA.CHO75
387,898,400,898,400,925,387,925,1
434,903,486,903,486,927,434,927,5500
548,906,610,906,610,931,548,931,5,500
78,931,163,932,162,960,74,957,MAGNUM
171,932,212,932,212,957,171,957,WHT
221,933,286,933,286,958,221,958,ALMND
299,936,324,936,324,960,299,960,80
387,936,398,935,399,961,387,960,1
425,938,487,938,487,964,425,964,15000
539,937,612,937,612,967,539,967,15,000
