155,641,295,639,296,671,156,674,SUBTOTAL
643,630,765,627,766,664,644,667,109,400
154,674,192,674,192,706,154,706,SC
206,674,244,674,244,704,206,704,7%
680,662,768,662,768,696,680,696,7,658
154,708,208,708,208,738,154,738,TAX
222,706,278,706,278,736,222,736,10%
665,696,773,693,774,728,666,731,11,706
147,772,317,767,318,801,148,806,TOTAL
535,760,779,755,780,790,536,794,128,764
140,808,231,803,233,835,142,840,Total
246,802,322,802,322,834,246,834,item
354,798,376,798,376,828,354,828,4
567,792,663,792,663,824,567,824,Total
678,792,734,792,734,824,678,824,Qty
754,790,792,790,792,820,754,820,:4
130,514,146,514,146,542,130,542,1
162,512,264,512,264,542,162,542,109.NG
275,512,361,508,363,540,276,543,NANAS
651,504,755,500,756,534,652,537,49,800
126,546,144,546,144,576,126,576,1
159,544,329,541,330,573,160,576,DE13.PSANG
344,542,396,542,396,572,344,572,IJO
406,540,460,540,460,570,406,570,MDM
651,536,755,533,756,566,652,569,29,800
128,578,144,578,144,608,128,608,1
160,576,298,576,298,608,160,608,CT12.BLK
310,574,380,574,380,606,310,606,JELY
392,572,444,572,444,604,392,604,KPI
458,570,494,570,494,602,458,602,IC
656,566,760,566,760,602,656,602,29,800
