146,568,164,568,164,590,146,590,x
122,562,138,562,138,590,122,590,1
170,562,198,562,198,590,170,590,GJ
204,560,290,560,290,590,204,590,ROASTED
296,560,324,560,324,588,296,588,MT
348,560,360,560,360,590,348,590,(
366,558,384,558,384,588,366,588,R
392,560,406,560,406,590,392,590,)
638,554,716,554,716,584,638,584,25,000
170,602,210,602,210,632,170,632,ICE
216,602,268,602,268,632,216,632,LESS
700,598,716,598,716,624,700,624,0
168,646,232,646,232,674,168,674,SUGAR
238,644,314,644,314,674,238,674,SLIGHT
700,640,718,640,718,668,700,668,0
70,732,112,732,112,762,70,762,SUB
120,732,184,732,184,762,120,762,TOTAL
640,726,720,726,720,758,640,758,25,000
66,820,132,820,132,852,66,852,TOTAL
140,820,206,820,206,850,140,850,SALES
644,814,722,814,722,846,644,846,25,000
64,864,130,864,130,896,64,896,TOTAL
138,864,204,864,204,896,138,896,ITEMS
708,862,722,862,722,888,708,888,1
62,910,118,910,118,940,62,940,CASH
647,904,725,901,726,933,648,936,50,000
62,954,140,954,140,986,62,986,CHANGE
648,946,726,946,726,978,648,978,25,000
