134,720,164,720,164,756,134,756,2
193,715,363,711,364,751,194,755,YELLOW
618,717,794,722,793,763,617,758,20,000
190,817,411,808,413,847,192,856,Subtotal
616,817,792,820,791,862,615,859,20,000
194,868,276,868,276,906,194,906,Tax
646,870,792,870,792,910,646,910,2,000
190,915,329,908,331,949,192,957,TOTAL
450,907,783,921,781,965,448,951,22,000
190,966,305,960,307,999,192,1005,CASH
594,965,788,969,787,1010,593,1006,102,000
191,1016,361,1011,362,1049,192,1054,Change
615,1016,787,1016,787,1056,615,1056,80,000
474,764,502,764,502,802,474,802,2
532,766,586,766,586,806,532,806,QT
