439,2082,477,2082,477,2158,439,2158,1
699,2082,925,2082,925,2167,699,2167,BANANA
951,2086,1105,2086,1105,2167,951,2167,RHUM
1126,2090,1356,2090,1356,2171,1126,2171,RAISIN
1590,2093,1817,2087,1819,2166,1592,2172,46,500
802,2176,878,2176,878,2252,802,2252,W.
913,2176,1211,2176,1211,2252,913,2252,CHARCOAL
1632,2176,1825,2170,1828,2247,1634,2254,9,000
435,2265,473,2265,473,2342,435,2342,1
691,2261,887,2261,887,2342,691,2342,PRAWN
913,2269,955,2269,955,2342,913,2342,&
985,2261,1250,2261,1250,2342,985,2342,SPINACH
1275,2261,1467,2261,1467,2338,1275,2338,PASTA
1604,2257,1834,2257,1834,2338,1604,2338,80,500
435,2355,473,2355,473,2432,435,2432,1
691,2350,994,2350,994,2432,691,2432,ORIGINAL
1019,2346,1250,2346,1250,2427,1019,2427,BREWED
1275,2346,1395,2346,1395,2427,1275,2427,TEA
1603,2347,1838,2341,1840,2424,1605,2430,23,000
579,2822,946,2815,948,2904,580,2912,TOTAL
1337,2806,1834,2792,1836,2876,1340,2890,185,394
584,2444,810,2444,810,2525,584,2525,SUBTTL
1582,2436,1843,2436,1843,2517,1582,2517,159,000
580,2538,699,2538,699,2619,580,2619,SVC
725,2534,849,2534,849,2615,725,2615,CHG
874,2534,960,2534,960,2615,874,2615,6%
1651,2525,1847,2525,1847,2611,1651,2611,9,540
580,2636,695,2636,695,2717,580,2717,PB1
733,2632,849,2632,849,2713,733,2713,10%
1619,2621,1846,2615,1849,2704,1622,2710,16,854
