104,102,116,102,116,122,104,122,1
122,100,196,100,196,126,122,126,SHARKIE
197,100,261,93,264,119,200,125,FREEZE
392,74,463,66,466,95,395,102,49,000
104,150,116,150,116,170,104,170,1
120,150,166,150,166,174,120,174,DINE
170,150,206,150,206,172,170,172,FOR
212,152,226,152,226,172,212,172,2
386,128,465,121,468,149,388,157,129,000
130,176,146,176,146,192,130,192,*
150,174,196,174,196,198,150,198,BALI
200,172,244,172,244,196,200,196,FISH
250,174,262,174,262,194,250,194,&
264,166,321,162,323,188,266,192,CHIPS
326,160,360,160,360,186,326,186,DFT
134,202,146,202,146,216,134,216,*
151,198,235,195,236,221,152,224,JAPANESE
238,192,284,192,284,218,238,218,FISH
286,194,302,194,302,214,286,214,&
304,189,363,185,365,210,306,214,CHIPS
104,222,116,222,116,238,104,238,1
120,220,168,220,168,244,120,244,DINE
170,222,206,222,206,246,170,246,FOR
210,222,226,222,226,244,210,244,2
388,206,467,202,469,228,390,232,129,000
132,246,146,246,146,262,132,262,*
150,243,216,246,215,271,149,268,DANISH
218,242,262,242,262,268,218,268,FISH
268,244,282,244,282,264,268,264,&
284,238,341,235,343,260,286,263,CHIPS
346,234,372,234,372,258,346,258,DF
132,270,146,270,146,286,132,286,*
150,268,186,268,186,292,150,292,NEW
190,268,234,268,234,292,190,292,YORK
236,266,281,263,283,288,238,291,FISH
288,266,300,266,300,286,288,286,&
306,260,362,260,362,286,306,286,CHIPS
116,311,185,316,183,341,114,336,SUBTTL
388,304,470,304,470,332,388,332,307,000
116,336,195,344,193,367,114,360,Service
198,342,262,342,262,364,198,364,Charge
396,332,469,328,471,355,398,359,24,560
114,362,154,362,154,388,114,388,TAX
398,356,472,356,472,384,398,384,33,156
362,104,431,98,434,126,364,132,49,000
84,126,108,126,108,140,84,140,**
111,124,269,119,270,146,112,150,BEVERAGE
110,285,195,293,193,318,108,310,FOOD
356,280,436,280,436,308,356,308,258,000
114,414,220,414,220,440,114,440,TOTAL
318,412,472,412,472,438,318,438,364,716
112,438,200,438,200,464,112,464,VISA
318,438,472,438,472,466,318,466,364,716
