68,372,80,372,80,390,68,390,1
90,366,172,366,172,392,90,392,CHEESE
178,364,248,364,248,392,178,392,ROLLS
256,366,310,366,310,390,256,390,6PCS
416,362,498,362,498,390,416,390,30,000
66,404,78,404,78,424,66,424,1
88,398,158,398,158,424,88,424,PAKET
166,398,222,398,222,424,166,424,BER2
228,398,270,398,270,424,228,424,UP1
415,396,497,393,498,422,416,425,74,545
118,436,130,436,130,458,118,458,1
140,432,196,432,196,458,140,458,TUNA
204,432,248,432,248,458,204,458,DEL
118,468,130,468,130,490,118,490,1
138,464,182,464,182,490,138,490,MAC
190,464,208,464,208,490,190,490,N
216,464,296,464,296,490,216,490,CHEESE
304,462,346,462,346,488,304,488,DEL
116,502,130,502,130,524,116,524,1
138,496,210,496,210,524,138,524,LEMON
216,496,260,496,260,522,216,522,TEA
266,494,348,494,348,522,266,522,HANGAT
356,494,396,494,396,522,356,522,DEL
116,536,128,536,128,558,116,558,1
136,530,296,530,296,558,136,558,BLACKCURRANT
304,528,348,528,348,556,304,556,DEL
114,570,128,570,128,592,114,592,1
138,564,194,564,194,592,138,592,SC/P
204,564,258,564,258,590,204,590,BEEF
266,562,324,562,324,590,266,590,MAYO
332,562,374,562,374,588,332,588,DEL
216,632,324,632,324,660,216,660,SUBTOTAL
410,628,502,628,502,654,410,654,104,545
280,666,326,666,326,694,280,694,TAX
422,662,502,662,502,690,422,690,10,455
79,746,217,742,218,794,80,798,TOTAL
318,733,507,726,510,791,320,799,115,000
