301,956,387,953,389,986,302,988,SUB.
393,952,511,953,514,984,395,984,TOTAL
685,941,815,937,816,971,686,975,106,364
203,994,440,986,442,1024,202,1031,RESTAURANT
444,988,518,984,520,1019,446,1021,TAX
702,977,815,969,819,1005,704,1010,10,636
40,792,201,790,206,824,37,828,CHICKEN
211,790,329,786,330,819,212,822,KATSU
341,786,463,783,465,818,342,818,CURRY
470,782,558,782,563,814,470,816,RICE
634,784,654,784,654,810,634,810,1
726,778,839,772,841,806,728,812,46,364
38,828,126,828,126,862,38,862,NIKU
137,828,239,825,241,859,138,860,UDON
636,816,656,816,656,846,636,846,1
728,810,842,810,842,844,728,847,49,091
38,864,117,864,118,898,38,898,HOT
123,865,223,865,226,896,123,897,OCHA
636,854,656,854,656,882,636,882,1
731,846,843,842,845,878,732,882,10,909
291,1054,415,1050,418,1078,290,1083,GRAND
427,1049,535,1044,538,1073,425,1077,TOTAL
604,1064,805,1053,807,1091,606,1102,117,000
149,1090,327,1082,331,1111,148,1119,~MANDIRI
389,1082,520,1077,523,1105,389,1110,117,000
550,1152,660,1152,660,1174,550,1174,Change:
658,1148,678,1148,678,1168,658,1168,0
