48,1106,189,1101,191,1147,50,1153,Total
590,1093,808,1096,807,1143,589,1140,441,782
52,1158,217,1151,219,1192,54,1199,MASTER
228,1150,332,1150,332,1190,228,1190,CIMB
341,1148,473,1145,474,1185,342,1188,NIAGA
646,1142,812,1146,811,1188,645,1184,441,782
45,960,223,955,225,997,46,1002,ITEMS 9
46,620,72,620,72,658,46,658,1
131,618,473,614,474,658,132,661,LM Dmplg Chli Sc
661,612,805,609,806,652,662,655,68,000
644,947,812,950,811,991,643,989,373,600
49,1058,129,1055,131,1093,50,1096,PB1
670,1043,812,1046,811,1087,669,1085,40,162
45,1012,193,1008,194,1046,46,1050,Service
202,1002,339,1007,337,1049,200,1043,charge
668,998,812,998,812,1040,668,1040,28,020
44,670,74,670,74,708,44,708,2
132,668,198,668,198,706,132,706,LM
207,668,329,665,330,703,208,706,Poach
340,662,478,662,478,702,340,702,Marble
485,664,577,661,578,698,486,701,Beef
640,660,808,660,808,702,640,702,176,000
44,718,74,718,74,756,44,756,2
133,713,309,708,310,749,134,754,DIMSUM
664,708,808,708,808,748,664,748,47,600
319,710,445,708,446,747,320,750,23800
44,770,72,770,72,806,44,806,1
142,763,223,760,224,799,144,802,XLB
229,762,463,756,464,800,230,805,Org Pork 6x
664,753,810,756,809,799,663,797,52,000
48,818,74,818,74,854,48,854,1
145,811,457,804,458,848,146,855,Oolong Jasmine
464,804,544,810,540,851,461,844,Cup
668,804,810,804,810,846,668,846,10,000
46,866,74,866,74,904,46,904,2
144,860,218,860,218,900,144,900,Tea
666,852,812,852,812,894,666,894,20,000
