593,1702,631,1702,631,1770,593,1770,1
652,1702,802,1702,802,1774,652,1774,MILK
819,1706,998,1706,998,1774,819,1774,CREAM
1019,1706,1194,1706,1194,1774,1019,1774,BREAD
1587,1710,1783,1710,1783,1783,1587,1783,12,500
593,1783,627,1783,627,1847,593,1847,1
652,1783,797,1783,797,1856,652,1856,REAL
819,1783,964,1783,964,1856,819,1856,MILK
985,1787,1164,1787,1164,1856,985,1856,CHOCO
1181,1783,1356,1783,1356,1856,1181,1856,BREAD
1591,1787,1792,1787,1792,1860,1591,1860,12,500
588,1864,627,1864,627,1928,588,1928,1
652,1864,763,1864,763,1932,652,1932,RED
785,1864,934,1864,934,1937,785,1937,BEAN
951,1864,1194,1864,1194,1932,951,1932,BRAIDED
1216,1864,1395,1864,1395,1932,1216,1932,BREAD
1578,1864,1796,1864,1796,1941,1578,1941,20,000
644,2015,1000,2022,997,2162,641,2155,TOTAL
1382,2022,1809,2022,1809,2171,1382,2171,45,000
640,2154,793,2154,793,2227,640,2227,CASH
1587,2154,1804,2154,1804,2231,1587,2231,50,000
631,2235,1062,2235,1062,2376,631,2376,CHANGE
1449,2240,1813,2235,1815,2385,1451,2390,5,000
