76,606,94,606,94,638,76,638,1
104,604,206,604,206,642,104,642,[REG]
214,606,332,606,332,640,214,640,BLACK
340,605,482,609,481,643,339,639,SAKURA
718,617,844,621,843,659,717,655,45,455
76,646,94,646,94,678,76,678,1
104,646,248,646,248,680,104,680,LYCHEE
814,666,840,666,840,700,814,700,0
76,690,92,690,92,720,76,720,1
104,688,262,688,262,722,104,722,DRAGON
269,687,375,687,375,721,269,721,FRUIT
812,712,838,712,838,744,812,744,0
74,732,92,732,92,762,74,762,1
102,730,204,730,204,768,102,768,[REG]
212,730,332,730,332,764,212,764,BLACK
338,728,482,732,481,767,337,763,SAKURA
714,749,838,753,837,790,713,786,45,455
72,774,90,774,90,804,72,804,1
102,772,226,772,226,806,102,806,PEACH
810,800,834,800,834,830,810,830,0
72,816,90,816,90,848,72,848,1
100,814,244,814,244,848,100,848,COOKIE
252,814,332,814,332,846,252,846,DOH
340,813,486,816,485,849,339,847,SAUCES
808,842,830,842,830,870,808,870,0
56,900,124,900,124,932,56,932,Sub
132,898,216,898,216,932,132,932,Total
708,910,829,917,827,950,706,944,90,909
56,942,124,942,124,976,56,976,PB1
134,940,232,940,232,978,134,978,(10%)
726,950,821,954,819,989,724,985,9,091
54,982,214,987,213,1022,53,1017,Rounding
796,996,822,996,822,1026,796,1026,0
54,1030,168,1030,168,1070,54,1070,Total
657,1035,819,1035,819,1081,657,1081,100,000
50,1211,189,1211,189,1243,50,1243,Voucher
196,1208,341,1218,338,1256,194,1246,Payment
700,1230,836,1230,836,1266,700,1266,100,000
