484,584,563,578,565,607,486,612,42,000
44,610,112,610,112,634,44,634,Total.
39,585,143,580,144,607,40,613,ITEMS:
144,584,156,584,156,606,144,606,1
45,634,159,629,161,659,46,663,Pay Cash
163,627,247,622,249,651,164,655,50.000
404,619,506,619,506,645,404,645,Change :
502,614,569,609,571,638,504,642,8,000
40,512,56,512,56,536,40,536,1
99,508,219,503,220,528,100,533,Seaweed
221,500,315,496,316,522,222,526,Chicken
474,486,552,486,552,514,474,514,42,000
42,540,56,540,56,562,42,562,1
102,544,114,544,114,556,102,556,-
115,534,199,529,200,554,116,559,Pedas
540,508,558,508,558,532,540,532,0
481,558,561,554,562,581,482,585,42,000
