178,596,190,596,190,620,178,620,1
200,593,310,593,310,619,200,619,CHOCOLATE
315,591,391,588,392,615,316,619,ECLAIR
520,577,595,570,598,600,522,607,13,000
180,626,192,626,192,650,180,650,1
202,622,276,622,276,650,202,650,DOUBLE
282,620,358,620,358,648,282,648,CHEESE
364,616,404,616,404,644,364,644,PAN
406,614,493,608,495,636,408,642,BREAD(L
520,606,599,600,601,629,522,635,37,000
180,656,192,656,192,680,180,680,1
202,652,266,652,266,680,202,680,WHOLE
268,650,335,647,337,675,270,679,WHEAT
342,646,382,646,382,674,342,674,PAN
385,645,449,639,451,667,388,672,BREAD
522,636,599,630,602,659,524,665,20,000
204,713,323,708,325,755,206,760,TOTAL
459,700,604,690,608,739,462,749,70,000
206,760,256,760,256,788,206,788,CASH
521,742,609,738,610,767,522,770,100,000
203,794,350,782,354,829,207,841,CHANGE
464,776,611,770,613,820,466,826,30,000
