20,613,88,616,87,644,19,641,GRAND
94,616,164,616,164,644,94,644,TOTAL
416,615,496,623,493,653,413,644,63,400
20,649,86,652,85,680,19,677,TUNAI
414,650,496,659,493,687,411,678,70.000
18,686,108,689,107,717,16,713,KEMBALI
425,684,495,694,491,722,421,711,6.600
32,402,88,402,88,430,32,430,BASO
94,402,151,405,149,432,93,429,KUAH
276,420,288,420,288,436,276,436,1
294,414,370,414,370,440,294,440,43,636
422,415,500,419,499,446,420,443,43,636
30,436,86,436,86,464,30,464,NASI
92,438,162,438,162,466,92,466,PUTIH
274,448,286,448,286,470,274,470,1
304,446,368,446,368,472,304,472,6.000
432,450,499,453,497,480,430,477,6.000
28,470,146,474,145,501,27,497,A.MINERAL
152,476,216,476,216,502,152,502,BOTOL
270,478,286,478,286,504,270,504,1
304,478,368,478,368,506,304,506,8,000
430,483,498,486,497,514,429,511,8,000
28,505,96,508,95,536,27,533,TOTAL
420,515,497,521,495,549,418,543,57,636
24,578,66,578,66,606,24,606,TAX
72,580,142,580,142,608,72,608,10.00
146,580,166,580,166,606,146,606,%
430,583,497,586,495,616,428,613,5,764
