268,628,314,628,314,654,268,654,PB1:
444,626,504,626,504,652,444,652,4,090
214,656,316,656,316,682,214,682,Subtotal:
434,654,504,654,504,680,434,680,40,910
66,418,90,418,90,442,66,442,1X
96,416,208,416,208,442,96,442,S-Ovaltine
212,412,302,412,302,438,212,438,Macchiat
305,412,387,408,388,436,306,439,@22,000
424,408,496,408,496,436,424,436,22,000
84,444,124,444,124,468,84,468,50%
84,470,112,470,112,494,84,494,No
118,470,154,470,154,494,118,494,Ice
64,498,90,498,90,522,64,522,1X
95,496,207,493,208,519,96,522,S-Hazelnut
212,492,260,492,260,518,212,518,Milk
266,494,302,494,302,518,266,518,Tea
308,492,390,492,390,518,308,518,@20,000
428,490,498,490,498,516,428,516,23,000
84,522,166,522,166,548,84,548,Bubbles
298,518,358,518,358,546,298,546,3,000
84,550,122,550,122,576,84,576,50%
84,578,112,578,112,602,84,602,No
118,578,154,578,154,602,118,602,Ice
248,684,316,684,316,710,248,710,Total:
436,682,506,682,506,708,436,708,45,000
258,712,318,712,318,738,258,738,Cash:
426,710,506,710,506,738,426,738,105,000
238,770,318,770,318,798,238,798,CHANGE:
438,766,510,766,510,794,438,794,60,000
