340,988,372,988,372,1032,340,1032,X
342,1124,372,1124,372,1168,342,1168,X
338,1260,370,1260,370,1304,338,1304,X
72,930,269,920,271,967,74,977,LONTONG
292,920,372,920,372,966,292,966,CAP
394,918,448,918,448,962,394,962,GO
466,914,548,914,548,960,466,960,MEH
266,992,290,992,290,1034,266,1034,1
541,980,699,980,699,1032,541,1032,57,000
898,978,1062,978,1062,1028,898,1028,57,000
74,1068,187,1064,189,1112,76,1116,NASI
208,1061,345,1055,347,1103,210,1110,LIWET
367,1054,496,1044,500,1096,371,1107,(SATE
518,1046,672,1046,672,1092,518,1092,BUNTEL
693,1043,819,1043,819,1095,693,1095,AYAM)
264,1130,290,1130,290,1172,264,1172,1
540,1110,704,1110,704,1172,540,1172,45,000
896,1111,1068,1114,1067,1175,895,1173,45,000
75,1208,162,1202,166,1250,79,1257,TEH
184,1199,294,1193,297,1241,186,1246,JAWA
262,1266,294,1266,294,1310,262,1310,2
542,1244,704,1244,704,1308,542,1308,13,000
898,1250,1062,1250,1062,1302,898,1302,26,000
185,1478,318,1468,321,1515,188,1525,Total
876,1449,1060,1452,1059,1500,875,1496,128,000
77,1486,165,1480,168,1529,81,1535,Sub
237,1542,374,1532,377,1579,240,1589,Resto
900,1520,1060,1520,1060,1570,900,1570,12,800
78,1559,217,1543,224,1598,84,1614,Pajak
240,1611,370,1597,375,1644,245,1657,Total
876,1579,1059,1585,1057,1635,874,1629,140,800
81,1626,222,1614,226,1659,85,1672,Grand
74,1421,240,1406,244,1454,78,1468,Jumlah
261,1404,370,1396,373,1444,265,1453,Item
720,1384,748,1384,748,1424,720,1424,4
