249,409,260,409,262,436,250,435,1
278,408,330,408,330,437,278,437,KUE
335,403,411,403,411,436,335,436,CUBIT
417,410,480,410,478,436,416,436,OVO/
278,443,369,443,369,471,278,471,SKIPPY
565,409,643,407,644,438,565,439,39,000
248,478,264,478,264,504,248,504,2
278,478,311,478,311,505,278,505,ES
317,478,387,479,387,505,317,504,BUAH
567,478,644,476,643,505,568,507,36,000
248,515,263,515,263,540,248,540,1
279,514,371,514,372,541,279,543,DODOT
376,513,458,514,458,540,377,540,KAKEK
569,514,645,512,646,540,569,542,28,000
249,550,264,550,265,576,250,576,1
279,551,370,551,370,577,279,577,DODOT
375,550,453,550,453,576,375,576,CUCU
279,586,380,586,380,612,279,612,COKLAT
569,549,646,548,647,577,569,578,28,000
251,620,263,620,263,647,251,647,1
279,619,436,619,436,648,279,648,CHOCOLATE
444,619,499,619,499,644,444,644,MILK
279,656,365,656,365,683,279,683,SHAKE
570,615,647,615,647,645,570,645,22,000
250,691,266,691,266,719,250,719,2
280,692,302,692,302,719,280,719,T.
308,691,385,691,384,717,308,717,TARIK
389,690,527,688,527,716,389,716,GREENTEA
280,727,372,727,371,753,280,754,DINGIN
573,686,651,686,651,716,573,716,40,000
254,761,264,761,264,789,254,789,1
281,760,439,758,441,788,281,789,CHOCOLATE
445,759,502,759,502,784,445,784,MILK
282,796,368,795,368,823,282,824,SHAKE
572,756,650,755,650,785,572,785,22,000
252,834,264,834,264,859,252,859,1
283,833,342,832,343,858,283,858,ICED
350,830,498,830,498,856,350,856,CAPPUCINO
283,865,359,865,359,896,283,896,JELLY
576,826,652,826,652,855,575,854,24,000
254,905,265,905,265,931,254,932,1
282,904,305,903,305,931,281,931,T.
310,903,387,901,388,928,310,929,TARIK
392,900,532,897,533,924,392,927,GREENTEA
283,941,372,937,373,964,283,969,DINGIN
577,896,652,894,653,924,577,925,20,000
254,979,264,979,264,1004,254,1004,1
281,976,335,973,335,1003,282,1005,TEH
341,974,416,969,417,997,342,1001,PAHIT
420,971,506,968,507,994,420,997,PANAS
591,962,655,962,655,996,591,996,6,000
256,1016,267,1016,267,1040,257,1040,1
280,1015,398,1008,399,1038,280,1043,MINERAL
403,1005,493,1005,493,1035,403,1035,WATER
592,1000,654,1000,654,1030,592,1030,8,000
277,1092,408,1092,408,1122,277,1122,SUBTOTAL
563,1080,654,1080,654,1111,563,1111,273,000
279,1127,372,1127,372,1155,279,1155,DISKON
640,1112,656,1112,656,1141,640,1141,0
280,1196,358,1196,358,1224,280,1224,PAJAK
362,1198,413,1198,413,1224,362,1224,PPN
420,1199,448,1199,448,1225,420,1225,10
453,1195,481,1195,481,1222,453,1222,%
640,1180,657,1180,657,1210,640,1210,0
278,1161,352,1162,352,1190,278,1189,BIAYA
353,1164,499,1157,500,1186,355,1193,TAMBAHAN
577,1148,655,1148,655,1180,577,1182,27,300
282,1264,355,1264,355,1292,282,1291,BIAYA
360,1266,398,1266,398,1294,360,1294,CC
643,1254,659,1254,659,1282,643,1282,0
281,1226,357,1226,357,1256,281,1256,PAJAK
364,1231,416,1230,417,1257,364,1258,PBM
422,1232,454,1232,454,1266,422,1266,25
458,1232,483,1231,485,1260,459,1260,%
642,1216,658,1216,658,1244,642,1244,0
282,1299,452,1299,452,1331,282,1331,PEMBULATAN
645,1289,661,1289,661,1321,645,1321,0
232,1053,287,1053,287,1084,232,1084,Total
291,1056,357,1057,357,1082,291,1082,Menu
364,1052,392,1050,397,1080,368,1083,13
285,1362,371,1363,370,1391,285,1390,TOTAL
566,1368,663,1357,667,1388,570,1399,300,300
