584,2547,896,2547,896,2615,584,2615,TOTAL
1271,2555,1719,2555,1719,2624,1271,2624,516,780
580,2611,742,2611,742,2675,580,2675,Total
768,2615,904,2615,904,2679,768,2679,item
955,2611,998,2611,998,2679,955,2679,5
1331,2619,1497,2619,1497,2683,1331,2683,Total
1518,2619,1629,2619,1629,2688,1518,2688,Qty
1676,2624,1723,2624,1723,2688,1676,2688,6
584,2180,844,2180,844,2248,584,2248,SUBTOTAL
1484,2184,1719,2184,1719,2252,1484,2252,435,000
581,2243,816,2250,814,2313,578,2305,Service
1518,2248,1723,2248,1723,2312,1518,2312,34,800
580,2304,686,2304,686,2368,580,2368,Tax
1518,2312,1723,2312,1723,2380,1518,2380,46,980
580,2422,837,2427,836,2494,579,2489,Subtotal
861,2427,1156,2427,1156,2496,861,2496,BEVERAGES
1489,2432,1723,2432,1723,2500,1489,2500,376,000
580,2487,840,2487,840,2551,580,2551,Subtotal
861,2491,1062,2491,1062,2555,861,2555,PASTRY
1518,2496,1723,2496,1723,2564,1518,2564,59,000
588,1757,785,1757,785,1821,588,1821,Pandan
802,1757,968,1757,968,1821,802,1821,Cream
985,1757,1187,1762,1185,1826,984,1821,brulee
529,1757,563,1757,563,1817,529,1817,1
1514,1757,1715,1757,1715,1821,1514,1821,59,000
588,1817,875,1822,874,1886,587,1881,Tanqueray
896,1817,968,1817,968,1881,896,1881,NO
994,1821,1062,1821,1062,1881,994,1881,10
1079,1821,1186,1821,1186,1885,1079,1885,gls
524,1817,567,1817,567,1881,524,1881,2
1484,1817,1715,1817,1715,1885,1484,1885,240,000
584,1876,816,1881,814,1946,583,1941,Lurisia
832,1881,1002,1881,1002,1945,832,1945,Bolle
1019,1881,1181,1881,1181,1945,1019,1945,330ml
529,1877,563,1877,563,1941,529,1941,1
1514,1881,1719,1881,1719,1945,1514,1945,55,000
584,1941,814,1941,814,2005,584,2005,Lurisia
832,1941,1032,1941,1032,2005,832,2005,stille
1049,1941,1211,1941,1211,2005,1049,2005,330ml
533,1941,563,1941,563,2001,533,2001,1
1514,1941,1719,1941,1719,2009,1514,2009,45,000
708,2001,750,2001,750,2060,708,2060,2
772,1997,1004,2005,1001,2069,770,2061,++Tonic
1015,2001,1181,2001,1181,2065,1015,2065,Water
584,2060,750,2060,750,2124,584,2124,Tonic
768,2060,934,2060,934,2124,768,2124,Water
524,2056,563,2056,563,2120,524,2120,1
1518,2060,1719,2060,1719,2133,1518,2133,36,000
