162,374,194,374,194,402,162,402,1X
366,379,450,382,449,411,365,409,@36364
158,403,248,406,247,436,157,433,PILLOW
256,407,342,410,341,439,255,437,COKLAT
506,407,593,401,595,434,508,440,36,364
160,436,192,436,192,466,160,466,1X
366,444,450,444,450,472,366,472,@36364
156,468,246,468,246,498,156,498,PILLOW
256,472,342,472,342,502,256,502,DURIAN
507,472,593,468,595,499,508,503,36,364
156,502,190,502,190,530,156,530,2X
364,506,450,506,450,536,364,536,@10000
154,534,218,534,218,564,154,564,AYAM
508,536,593,533,595,564,510,568,20,000
154,566,188,566,188,596,154,596,3X
364,570,436,570,436,600,364,600,@9545
152,600,244,600,244,630,152,630,BANANA
252,602,326,602,326,630,252,630,SPLIT
510,600,596,600,596,632,510,632,28,635
152,634,186,634,186,664,152,664,4X
363,635,449,635,449,663,363,663,@10000
152,666,312,666,312,698,152,698,DONATCOKLAT
512,668,598,668,598,698,512,698,40,000
154,702,184,702,184,730,154,730,1X
362,700,450,700,450,730,362,730,@10000
150,732,212,732,212,762,150,762,AYAM
514,732,600,732,600,766,514,766,10,000
150,766,180,766,180,796,150,796,1X
362,768,394,768,394,796,362,796,@0
143,800,249,800,249,832,143,832,PLASTIK
261,800,363,800,363,832,261,832,TENTENG
372,800,446,800,446,832,372,832,KECIL
582,802,600,802,600,832,582,832,0
134,1054,280,1054,280,1088,134,1088,TOTAL
504,1053,611,1056,609,1093,503,1090,188,499
130,1092,250,1092,250,1126,130,1126,CASH
504,1092,610,1092,610,1128,504,1128,188,499
283,1017,445,1015,446,1049,284,1052,13.00xITEMs
142,836,264,836,264,868,142,868,SUBTOTAL
500,836,604,836,604,870,500,870,171,363
140,872,174,872,174,904,140,904,PB
186,872,204,872,204,902,186,902,1
216,872,262,872,262,904,216,904,10%
502,872,604,872,604,906,502,906,10.000%
138,908,232,908,232,940,138,940,AMOUNT
515,908,605,908,605,942,515,942,17,136
136,942,260,942,260,976,136,976,SUBTOTAL
502,943,606,946,605,981,501,978,188,499
