458,2830,645,2807,654,2881,467,2905,GRAND
658,2800,837,2778,846,2852,668,2874,TOTAL
1542,2756,1767,2784,1758,2855,1533,2826,48.000
1537,2851,1762,2873,1755,2944,1530,2922,50.000
457,2938,639,2908,652,2983,469,3014,TUNAI
1571,2945,1762,2962,1755,3036,1564,3019,2,000
455,3044,700,2999,714,3072,468,3117,KEMBALI
1113,2372,1160,2372,1160,2440,1113,2440,1
468,2415,664,2397,670,2468,474,2486,DIHUN
675,2397,890,2387,893,2452,678,2463,CAMPUR
1542,2389,1768,2416,1760,2487,1533,2460,43,636
1178,2370,1393,2381,1390,2455,1174,2443,43,636
467,2514,654,2492,663,2570,476,2593,TOTAL
1538,2483,1766,2504,1759,2576,1531,2556,43,636
462,2723,585,2709,593,2788,471,2802,TAX
595,2706,777,2684,786,2758,604,2780,10.00
1573,2666,1764,2691,1755,2761,1564,2736,4,364
