38,688,58,688,58,720,38,720,1
91,678,250,681,253,732,91,728,SpcPrice
262,683,415,684,416,727,261,723,Caudburry
654,682,770,682,770,724,654,724,17,727
308,934,452,934,452,1008,308,1008,Total:
628,932,776,932,778,1024,629,1025,19,500
420,1035,519,1030,520,1063,422,1068,Cash:
652,1026,792,1026,792,1070,652,1070,100,000
367,1079,503,1086,505,1131,364,1126,Change:
652,1078,771,1074,774,1124,653,1126,80,500
320,784,490,784,490,820,320,820,SubTotal:
638,782,756,782,756,824,638,824,17,727
412,834,488,834,488,870,412,870,PB1:
656,832,756,832,756,874,656,874,1,773
