183,787,202,785,202,816,186,816,1
210,784,267,779,268,817,211,818,MIE
269,781,313,777,313,811,269,814,UP
318,777,379,777,381,812,317,812,BSR
384,777,408,777,408,807,384,807,C
532,775,551,772,550,800,531,801,1
755,772,850,773,849,806,753,808,36,000
490,810,582,808,582,846,490,846,INC(+)
768,812,854,810,854,845,766,846,3,600
512,866,580,866,580,896,512,896,Total
758,864,850,864,850,895,758,895,39,600
457,918,586,915,587,948,457,953,Payment
829,920,850,920,851,950,830,949,0
371,968,587,963,587,1006,370,1011,Payment#Less
757,969,851,968,853,1002,758,1004,39,600
