130,764,144,764,144,790,130,790,1
200,762,262,762,262,792,200,792,Full
274,764,324,764,324,792,274,792,Box
602,762,694,762,694,794,602,794,31,818
126,798,142,798,142,826,126,826,1
200,798,236,798,236,828,200,828,SB
248,802,262,802,262,828,248,828,1
274,798,308,798,308,830,274,830,HC
602,800,696,800,696,830,602,830,27,727
360,872,408,872,408,904,360,904,Sub
416,874,492,874,492,904,416,904,Total
606,872,702,872,702,906,606,906,59,545
327,986,423,986,423,1018,327,1018,P.Rest
434,986,468,986,468,1018,434,1018,10
478,986,496,986,496,1016,478,1016,%
626,986,708,986,708,1020,626,1020,5,955
418,1098,496,1098,496,1130,418,1130,Total
612,1066,720,1066,720,1134,612,1134,65,500
434,1130,500,1130,500,1164,434,1164,Cash
618,1132,718,1132,718,1168,618,1168,65,500
