48,486,60,486,60,508,48,508,1
68,484,108,484,108,510,68,510,DN.
116,484,170,484,170,510,116,510,LONG
176,484,230,484,230,510,176,510,JOHN
440,484,506,484,506,512,440,512,8,000
44,516,58,516,58,538,44,538,1
66,514,106,514,106,540,66,540,RB.
114,512,180,512,180,540,114,540,AI-AI
186,512,252,512,252,540,186,540,CHOCO
442,514,510,514,510,542,442,542,8,000
40,546,54,546,54,570,40,570,1
62,542,102,542,102,570,62,570,RB.
112,542,190,542,190,570,112,570,SAPSAY
196,542,288,542,288,570,196,570,CHICKEN
444,544,512,544,512,574,444,574,9,500
167,603,273,603,273,633,167,633,SUBTOTAL
434,606,516,606,516,636,434,636,25,500
168,636,212,636,212,666,168,666,DUE
434,638,518,638,518,670,434,670,25,500
166,670,224,670,224,698,166,698,CASH
436,672,518,672,518,702,436,702,30,000
166,700,248,700,248,730,166,730,CHANGE
450,704,520,704,520,734,450,734,4,500
0,604,58,604,58,634,0,634,ITEM:
56,604,74,604,74,632,56,632,3
0,636,36,636,36,664,0,664,CS
54,638,72,638,72,664,54,664,3
