759,1864,853,1864,853,1941,759,1941,2X
1276,1870,1498,1876,1497,1954,1274,1949,@9,000
776,1954,964,1954,964,2030,776,2030,RISOL
981,1952,1166,1957,1164,2032,979,2026,ROGUT
1450,1966,1659,1966,1659,2043,1450,2043,18,000
763,2039,913,2039,913,2116,763,2116,DISC
935,2040,1090,2045,1087,2121,932,2115,ITEM
1408,2048,1665,2054,1663,2134,1406,2127,30,000%
776,2133,989,2133,989,2201,776,2201,AMOUNT
1446,2146,1655,2146,1655,2210,1446,2210,-5,400
750,2210,900,2210,900,2278,750,2278,MIKA
917,2210,1036,2210,1036,2274,917,2274,KCL
1617,2214,1659,2214,1659,2274,1617,2274,0
750,2282,1011,2282,1011,2350,750,2350,PLASTIK
1032,2282,1109,2282,1109,2350,1032,2350,25
1621,2282,1664,2282,1664,2346,1621,2346,0
725,2359,1024,2359,1024,2432,725,2432,SUBTOTAL
1450,2359,1676,2359,1676,2432,1450,2432,12,600
733,2444,917,2444,917,2517,733,2517,TOTAL
1450,2440,1672,2440,1672,2517,1450,2517,12,600
704,2530,870,2530,870,2611,704,2611,CASH
1412,2525,1685,2525,1685,2611,1412,2611,100,700
712,2624,947,2624,947,2709,712,2709,CHANGE
1450,2624,1685,2624,1685,2709,1450,2709,88,100
