80,478,90,478,90,496,80,496,1
120,474,244,474,244,496,120,496,BBQ Chicken
428,472,500,472,500,496,428,496,41,000
78,498,88,498,88,514,78,514,1
132,494,250,494,250,514,132,514,Tidak Pedas
490,494,504,494,504,514,490,514,0
68,552,122,552,122,574,68,574,Total.
430,554,504,554,504,578,430,578,41,000
68,572,130,572,130,596,68,596,DEBIT
132,571,189,574,187,597,131,593,BCA:
430,576,506,576,506,600,430,600,41,000
70,532,148,532,148,554,70,554,ITEMS:
146,534,158,534,158,554,146,554,1
430,532,504,532,504,556,430,556,41,000
