80,654,122,654,122,696,80,696,1X
414,651,502,651,503,693,417,695,9000
75,703,229,703,230,747,75,747,VANBALL
646,700,754,700,754,744,646,746,9,000
77,809,251,805,252,848,78,851,SUBTOTAL
649,802,755,802,756,847,646,848,9,000
83,858,289,855,294,900,84,901,TOTAL
650,852,758,852,758,896,650,898,9,000
82,908,250,906,253,950,80,952,CASH
633,903,757,900,762,945,635,951,10,000
84,956,334,956,334,998,84,998,CHANGE
654,952,758,952,758,994,654,996,1,000
317,755,399,753,400,797,317,797,1.00
420,754,532,754,532,796,420,796,ITEMs
