488,2209,682,2203,684,2282,491,2287,TOTAL
1410,2193,1633,2187,1635,2267,1412,2274,36,300
493,2300,788,2292,790,2369,495,2377,CASH
1410,2281,1633,2274,1636,2354,1412,2360,37,000
490,2385,725,2385,725,2457,490,2457,CHANGE
1514,2368,1634,2368,1634,2440,1514,2440,700
891,1928,1245,1928,1245,2005,891,2005,1.00xITEMS
486,1847,610,1847,610,1924,486,1924,PKT
631,1847,789,1847,789,1920,631,1920,AYAM
1403,1843,1621,1843,1621,1920,1403,1920,33,000
489,2027,1066,2015,1067,2095,491,2107,SUBTOTAL
1406,2015,1628,2009,1631,2089,1408,2096,33,000
486,2116,614,2116,614,2193,486,2193,TAX
644,2116,759,2116,759,2188,644,2188,10%
1442,2103,1629,2103,1629,2180,1442,2180,3,300
