495,1782,815,1788,814,1849,493,1843,FA-Cookies
819,1796,917,1796,917,1851,819,1851,Mix
921,1796,1032,1796,1032,1856,921,1856,200
1032,1804,1100,1804,1100,1864,1032,1864,gr
742,1890,780,1890,780,1945,742,1945,1
999,1893,1273,1902,1270,1970,996,1960,80,000.00
1506,1907,1774,1907,1774,1971,1506,1971,80,000.00
503,2615,721,2615,721,2675,503,2675,GRAND
725,2611,938,2611,938,2670,725,2670,TOTAL
1479,2602,1744,2597,1746,2663,1480,2668,88,000.00
493,2905,694,2898,697,2966,495,2973,TOTAL
698,2900,925,2894,927,2960,700,2966,BAYAR
1484,2888,1753,2888,1753,2956,1484,2956,88,000.00
489,3029,746,3024,747,3089,490,3094,CHANGE
1629,3012,1757,3012,1757,3072,1629,3072,0.00
486,2019,833,2027,831,2090,485,2081,FA-Polycello
838,2022,956,2036,949,2098,830,2084,Bag
957,2025,1137,2039,1132,2103,952,2089,200 gr
733,2129,776,2129,776,2180,733,2180,1
1134,2133,1262,2133,1262,2188,1134,2188,0.00
1629,2137,1753,2137,1753,2188,1629,2188,0.00
529,2312,729,2312,729,2372,529,2372,TOTAL
1489,2308,1753,2308,1753,2372,1489,2372,80,000.00
520,2402,819,2402,819,2466,520,2466,DISCOUNT
1629,2406,1753,2406,1753,2466,1629,2466,0.00
520,2508,652,2508,652,2568,520,2568,TAX
1518,2508,1749,2508,1749,2572,1518,2572,8,000.00
