76,752,282,752,282,784,76,784,GRAND TOTAL
650,748,756,748,756,782,650,782,28,000
70,820,210,820,210,852,70,852,CASHIDR
654,822,760,822,760,856,654,856,50,000
64,887,194,890,193,923,63,921,CHANGE
196,890,262,890,262,922,196,922,DUE
658,894,764,894,764,930,658,930,22,000
85,665,241,662,242,691,86,695,SUB TOTAL
646,650,752,650,752,684,646,684,28,000
119,563,591,545,592,577,120,595,ALMOND CHOCO CREAM CHEESE
120,606,138,606,138,632,120,632,1
220,602,311,598,313,629,222,633,28,000
643,588,745,584,747,618,644,621,28,000
