24,456,39,454,40,478,25,480,1
60,454,178,454,178,480,60,480,SmokeBeef
188,458,202,458,202,478,188,478,+
210,452,276,455,275,482,209,479,NuTea
434,456,519,458,518,489,434,489,21,818
208,518,324,521,323,548,209,546,SubTotal:
421,520,504,521,504,555,422,555,21,818
270,552,327,557,325,583,269,581,PB1:
436,556,504,556,504,587,435,588,2,182
204,622,296,622,296,664,204,664,Total:
410,621,509,616,508,668,411,675,24,000
204,672,272,672,272,696,204,696,Debit
278,674,342,674,342,696,278,696,Card:
436,672,514,672,513,700,436,701,24,000
