271,2073,431,2073,431,2135,271,2135,GRAND
445,2077,595,2077,595,2135,445,2135,TOTAL
1196,2074,1380,2074,1380,2138,1196,2138,57,900
272,2155,428,2155,428,2216,272,2216,TUNAI
1200,2155,1387,2155,1387,2216,1200,2216,60.000
261,2237,479,2237,479,2298,261,2298,KEMBALI
1224,2237,1387,2237,1387,2301,1224,2301,2,100
292,1830,443,1835,441,1894,290,1890,TOTAL
1190,1839,1372,1829,1375,1890,1194,1900,52.636
282,1992,380,1992,380,2050,282,2050,TAX
395,1991,552,1996,550,2057,393,2053,10.00
561,1999,608,1999,608,2057,561,2057,%
1224,1992,1380,1992,1380,2053,1224,2053,5,264
307,1597,435,1606,430,1664,302,1655,BASO
445,1610,569,1615,566,1670,443,1665,TAHU
839,1625,877,1625,877,1679,839,1679,1
889,1623,1066,1617,1068,1673,891,1678,43.636
1180,1612,1361,1601,1365,1658,1183,1669,43.636
298,1671,428,1684,423,1743,292,1730,NASI
436,1684,593,1691,590,1749,433,1742,PUTIH
839,1696,877,1696,877,1751,839,1751,1
918,1693,1067,1693,1067,1751,918,1751,6.000
1207,1687,1365,1678,1369,1738,1211,1747,6,000
293,1752,556,1768,553,1825,290,1809,A.MINERAL
568,1767,722,1771,720,1826,566,1822,GELAS
836,1771,873,1771,873,1825,836,1825,1
914,1768,1067,1768,1067,1825,914,1825,3,000
1211,1761,1368,1753,1371,1812,1214,1820,3,000
