88,410,100,410,100,430,88,430,1
108,406,176,406,176,428,108,428,BURGER
180,406,227,403,229,425,182,428,CHIC
232,404,298,404,298,426,232,426,DECKER
411,402,481,399,482,424,412,427,68,000
90,432,102,432,102,450,90,450,1
108,428,156,428,156,450,108,450,Home
162,428,208,428,208,448,162,448,Made
212,426,300,426,300,446,212,446,Lemonade
414,422,484,422,484,446,414,446,40,000
110,468,198,468,198,492,110,492,SUBTOTAL
406,462,484,462,484,486,406,486,108,000
108,490,156,490,156,514,108,514,5.5%
162,490,240,490,240,512,162,512,Service
424,482,484,482,484,506,424,506,5,940
110,514,148,514,148,536,110,536,10%
152,510,188,510,188,534,152,534,PB1
418,504,486,504,486,528,418,528,11,394
108,556,217,549,219,575,110,582,TOTAL
340,544,484,544,484,570,340,570,125,334
108,602,146,602,146,624,108,624,BCA
150,598,217,594,219,619,152,624,DEBIT.
408,583,488,586,487,611,407,608,125,334
