544,1625,663,1625,663,1669,544,1669,Dasar
673,1625,884,1625,884,1669,673,1669,Pengenaan
894,1624,1017,1628,1016,1678,892,1674,Pajak
1179,1628,1326,1628,1326,1679,1179,1679,20,000
459,1400,482,1400,482,1448,459,1448,1
561,1400,642,1400,642,1451,561,1451,KFC
652,1404,799,1404,799,1451,652,1451,Winger
805,1404,863,1404,863,1451,805,1451,HC
1183,1407,1332,1407,1332,1458,1183,1458,20,000
805,1513,884,1513,884,1560,805,1560,Sub
894,1513,1009,1513,1009,1560,894,1560,Total
1183,1516,1329,1516,1329,1567,1183,1567,20,000
761,1679,904,1679,904,1727,761,1727,P.Rest
918,1679,972,1679,972,1727,918,1727,10
982,1683,1016,1683,1016,1723,982,1723,%
1203,1686,1326,1686,1326,1734,1203,1734,2,000
890,1832,1006,1832,1006,1876,890,1876,Total
1176,1798,1326,1798,1326,1880,1176,1880,22,000
914,1876,1013,1876,1013,1924,914,1924,Cash
1179,1883,1326,1883,1326,1934,1179,1934,22,000
544,2203,564,2203,564,2247,544,2247,1
581,2199,720,2199,720,2247,581,2247,Items,
