110,698,130,698,130,734,110,734,1
186,698,376,698,376,736,186,736,Handmade
384,698,499,706,496,747,382,739,Oyster
502,700,596,700,596,738,502,738,Mee..
674,702,796,702,796,742,674,742,35,000
98,824,192,824,192,862,98,862,Total
680,824,802,824,802,862,680,862,35,000
102,861,177,871,172,912,96,902,Pay
181,862,275,859,276,899,182,902,Cash
284,860,405,856,406,899,286,903,50,000
535,869,686,883,682,918,532,905,Change :
684,874,796,874,796,912,684,912,15,000
102,780,248,780,248,820,102,820,ITEMS:
248,782,268,782,268,818,248,818,1
678,782,800,782,800,822,678,822,35,000
