84,514,150,514,150,542,84,542,TOTAL
404,522,484,522,484,550,404,550,33,000
82,544,184,547,183,576,81,573,CASH
404,552,486,552,486,582,404,582,33,000
226,425,275,424,276,452,225,453,1.00
288,425,346,425,346,456,288,456,ITEMS
94,394,136,394,136,420,94,420,SBL
142,396,172,396,172,422,142,422,GR
178,395,242,398,241,424,177,422,UDANG
250,398,290,398,290,424,250,424,SPC
402,400,480,400,480,428,402,428,30,000
90,451,286,456,285,485,89,480,SUBTOTAL
402,460,482,460,482,488,402,488,30,000
86,484,130,484,130,510,86,510,TAX
138,484,180,484,180,512,138,512,10%
416,490,482,490,482,520,416,520,3,000
