76,722,98,722,98,758,76,758,1
160,721,250,724,249,760,159,757,BBQ
258,724,402,724,402,760,258,760,Chicken
666,730,783,737,781,778,664,772,41,000
74,760,96,760,96,796,74,796,1
158,752,324,766,321,807,154,792,- Sedang
764,772,788,772,788,806,764,806,0
67,838,221,838,221,876,67,876,ITEMS:
220,838,242,838,242,874,220,874,1
68,876,168,876,168,914,68,914,Total.
684,874,802,882,799,926,681,918,41,000
67,915,145,925,139,968,62,958,Pay
152,918,250,918,250,958,152,958,Cash
259,916,385,913,386,958,260,961,50,000
554,920,714,930,711,971,552,961,Change :
710,927,801,931,799,972,708,967,9,000
680,836,796,844,793,886,677,878,41,000
