168,763,389,754,391,793,170,803,SUBTOTAL
581,749,751,745,752,785,582,789,78,180
168,812,253,809,255,849,170,852,TAX
611,797,755,793,756,834,612,838,7,818
168,862,222,862,222,902,168,902,TL
423,852,751,844,752,886,424,893,85,998
165,914,281,906,284,947,168,955,CASH
569,899,761,894,762,936,570,941,100,000
166,966,225,962,227,1001,168,1005,CG
598,949,763,942,765,984,600,991,14,002
81,676,167,673,168,707,82,710,KWE
194,672,279,666,281,701,196,707,BUN
306,664,411,660,412,696,308,700,SAPI
577,655,745,649,747,689,578,695,39,090
82,720,169,717,170,755,84,758,KWE
196,716,253,712,255,749,198,753,GR
282,710,362,710,362,748,282,748,CMP
580,700,748,700,748,740,580,740,39,090
