87,622,261,618,262,651,88,655,1001-Choco
274,618,330,618,330,646,274,646,Bun
254,662,363,658,364,691,256,695,22.000
422,658,460,658,460,688,422,688,x1
627,646,747,643,748,679,628,682,22,000
87,712,295,706,296,741,88,747,6001-Plastic
308,707,365,710,363,745,306,741,Bag
374,704,464,704,464,736,374,736,Small
342,752,364,752,364,786,342,786,0
424,750,462,750,462,784,424,784,x1
728,748,754,748,754,782,728,782,0
86,852,176,852,176,886,86,886,Total
188,850,276,850,276,884,188,884,Item:
444,848,468,848,468,882,444,882,2
85,946,189,946,189,980,85,980,Total.
604,952,727,958,725,996,602,990,22,000
86,992,160,992,160,1026,86,1026,Cash
86,1040,244,1040,244,1074,86,1074,Tendered:
664,1059,814,1070,811,1109,661,1097,100,000
86,1086,211,1093,209,1124,84,1117,Change:
684,1117,815,1123,813,1158,682,1152,78.000
