36,546,344,554,347,598,40,595,BOTOL(MOMOGI
358,560,486,560,486,597,358,597,BOTOL
495,562,603,562,605,600,496,598,KACA
614,566,687,566,687,606,614,606,ASI)
44,612,233,612,233,649,44,649,804700027
742,684,857,684,857,720,742,720,44,000
54,756,233,756,233,794,54,794,SPECTRA
492,764,641,764,641,800,492,800,BREAST
244,761,482,761,482,796,244,796,DISPOSABLE
650,767,755,767,753,798,648,799,PADS
62,810,157,810,157,850,62,850,(IRIS)
168,814,180,814,180,842,168,842,/
188,811,330,811,330,847,188,847,BP-0001
338,817,608,815,607,858,338,855,(BREASTPADS)
640,820,808,820,808,853,640,853,SP200031
740,873,860,873,860,910,740,910,58,000
71,943,248,943,248,979,71,979,MUSTELA
257,946,353,946,353,977,257,977,BABY
364,948,427,948,427,982,364,982,OIL
435,948,550,948,550,980,435,980,100ML
577,946,755,946,755,984,577,984,MU240036
724,1005,854,1005,854,1038,724,1038,160,000
372,1088,445,1088,445,1130,372,1130,Qty:
451,1089,476,1089,476,1119,451,1119,3
482,1090,635,1090,635,1121,482,1121,Amount:
721,1089,851,1089,851,1124,721,1124,262,000
