70,340,116,340,116,368,70,368,PIS
124,340,170,340,170,368,124,368,COK
178,338,236,338,236,368,178,368,KEJU
414,336,494,336,494,364,414,364,11,500
70,372,130,372,130,400,70,400,DISC
140,372,196,372,196,400,140,400,ITEM
388,366,498,366,498,394,388,394,-20.000%
69,404,155,401,156,431,70,433,AMOUNT
416,396,500,396,500,426,416,426,-2,300
68,436,158,436,158,466,68,466,COKLAT
164,434,224,434,224,464,164,464,KEJU
420,428,504,428,504,458,420,458,11,000
66,471,127,468,129,497,68,500,DISC
138,468,198,468,198,498,138,498,ITEM
396,460,506,460,506,490,396,490,-20.000%
65,503,155,500,156,531,66,534,AMOUNT
423,493,509,490,510,521,424,524,-2,200
66,536,156,536,156,568,66,568,BANANA
163,533,253,530,254,561,164,565,KISMIS
440,526,512,526,512,558,440,558,8,000
64,574,127,571,129,601,66,604,DISC
138,568,198,568,198,600,138,600,ITEM
399,561,515,557,516,589,400,593,-30.000%
63,608,155,605,156,635,64,638,AMOUNT
432,594,518,594,518,626,432,626,-2,400
69,677,209,672,210,703,70,708,TOTAL
432,666,521,660,523,694,434,699,23,600
69,711,183,707,184,737,70,741,CASH
434,700,521,695,523,727,436,732,50,000
71,742,239,738,240,767,72,771,CHANGE
433,732,521,728,523,759,434,763,26,400
64,643,183,638,185,669,66,674,SUBTOTAL
430,630,519,625,521,659,432,664,23,600
