244,596,270,596,270,620,244,620,1X
274,596,354,596,354,620,274,620,S-Fresh
360,598,418,598,418,622,360,622,Lemon
422,598,469,601,467,624,420,621,Lime
484,600,562,600,562,626,484,626,@14,000
600,600,668,600,668,626,600,626,14,000
266,622,314,622,314,646,266,646,100%
242,648,268,648,268,672,242,672,1X
274,648,354,648,354,674,274,674,S-Fresh
360,650,418,650,418,674,360,674,Lemon
422,650,470,650,470,674,422,674,Lime
484,652,564,652,564,678,484,678,@14,000
600,652,668,652,668,678,600,678,14,000
262,674,290,674,290,698,262,698,0%
240,702,266,702,266,726,240,726,1X
272,700,354,700,354,726,272,726,S-Fresh
360,704,418,704,418,726,360,726,Lemon
422,702,470,702,470,728,422,728,Lime
484,704,564,704,564,730,484,730,@14,000
600,704,670,704,670,732,600,732,17,000
260,728,344,728,344,754,260,754,Bubbles
474,730,534,730,534,756,474,756,3,000
262,756,310,756,310,782,262,782,100%
258,784,310,784,310,810,258,810,Less
314,784,354,784,354,810,314,810,Ice
444,840,492,840,492,866,444,866,PB1:
614,840,674,840,674,868,614,868,4,090
390,868,492,868,492,894,390,894,Subtotal:
606,868,674,868,674,894,606,894,40,909
424,896,492,896,492,924,424,924,Total:
606,896,676,896,676,922,606,922,45,000
434,926,494,926,494,952,434,952,Cash:
608,924,676,924,676,952,608,952,45,000
412,984,494,984,494,1012,412,1012,CHANGE:
662,980,678,980,678,1006,662,1006,0
