166,488,222,488,222,524,166,524,PKT
236,488,478,488,478,524,236,524,TELOR/PERKEDEL
604,492,713,487,715,527,606,532,26,000
164,530,294,530,294,566,164,566,DENDENG
606,534,714,534,714,570,606,570,23,000
164,570,221,573,219,613,162,609,SBL
234,574,272,574,272,608,234,608,GR
286,572,358,572,358,608,286,608,TERI
608,576,714,576,714,612,608,612,17,000
164,616,204,616,204,650,164,650,2X
441,615,530,615,529,652,440,653,8,000
161,660,271,656,272,694,162,697,NESTLE
284,658,342,658,342,694,284,694,330
352,658,392,658,393,693,352,694,ML
608,662,712,662,712,698,608,701,16,000
157,748,435,741,436,778,158,785,SUBTOTAL
603,741,709,741,709,777,603,777,82,000
156,792,216,792,216,830,156,830,TAX
234,790,288,790,288,826,234,826,10%
620,783,707,780,709,819,622,822,8,200
154,838,251,834,252,872,156,876,TOTAL
606,826,710,826,710,864,606,864,90,200
155,883,299,879,300,919,156,923,CASH
590,871,709,867,711,905,592,910,100,000
150,932,267,926,269,966,152,972,CHANGE
620,914,711,910,713,949,622,953,9,800
353,699,425,700,425,736,353,735,5.00
439,703,527,703,527,736,440,736,ITEMS
