114,603,172,603,174,645,113,647,DP.
192,604,295,601,295,648,191,648,ORDER
344,602,493,602,492,646,346,647,19EC0891
217,654,233,651,233,689,218,690,1
362,648,481,648,481,695,363,695,80,000
527,645,604,644,604,685,526,687,0.00
743,638,867,639,867,685,744,690,80,000
116,786,281,786,282,831,114,834,POTONGAN
840,775,864,775,865,816,840,816,0
115,742,221,743,222,785,119,784,TOTAL
233,739,373,738,372,784,231,784,BELANJA
744,731,864,730,868,775,744,778,80,000
115,833,226,832,222,877,112,880,DEBIT
745,820,868,820,867,863,747,867,80,000
118,882,205,881,207,927,117,927,UANG
217,874,358,874,354,920,212,922,KEMBALI
842,867,869,868,866,906,841,906,0
