214,644,232,644,232,678,214,678,1
256,640,329,636,331,672,258,675,MIE
348,633,463,626,465,661,350,669,MERAH
486,628,532,628,532,660,486,660,PG
552,625,744,630,743,665,551,661,Rp 38,181
216,688,232,688,232,718,216,718,1
255,682,328,676,331,711,258,717,MIE
350,674,509,664,511,699,352,709,CINCANG
606,665,747,670,745,707,604,701,19,090
216,730,232,730,232,760,216,760,1
255,724,325,718,328,753,258,759,HAI
349,716,418,710,421,743,352,749,CMP
440,708,510,708,510,740,440,740,SPC
552,703,747,711,745,748,551,740,Rp 50,000
258,764,327,758,330,793,260,799,TX1
606,745,745,753,743,789,604,781,10,727
258,806,305,802,308,837,261,841,TL
329,788,737,783,738,827,330,832,Rp 117,998
257,848,352,836,357,871,261,883,CASH
579,822,746,835,743,872,576,858,200,000
262,886,308,886,308,920,262,920,CG
601,862,746,877,743,913,598,898,82,000
