520,1813,571,1813,571,1885,520,1885,2
593,1809,712,1809,712,1885,593,1885,TLJ
738,1800,1002,1800,1002,1881,738,1881,SPANISH
1028,1792,1254,1792,1254,1873,1028,1873,COFFEE
1606,1786,1842,1779,1844,1863,1609,1870,70,000
529,1902,567,1902,567,1975,529,1975,1
591,1900,861,1892,863,1972,593,1980,CLASSIC
883,1885,1258,1885,1258,1966,883,1966,CREAMCEESE
1277,1884,1509,1875,1512,1957,1280,1966,CINNAM
1614,1877,1842,1870,1845,1956,1617,1963,10,000
597,2073,972,2073,972,2222,597,2222,TOTAL
1384,2061,1850,2049,1854,2208,1388,2220,80,000
601,2222,759,2222,759,2299,601,2299,CASH
1586,2206,1847,2201,1848,2281,1587,2286,100,000
594,2308,1052,2298,1056,2449,598,2459,CHANGE
1386,2297,1854,2277,1861,2446,1393,2465,20,000
