262,486,310,486,310,512,262,512,PB1:
442,488,506,488,506,516,442,516,6,272
206,511,310,514,309,541,205,538,Subtotal:
430,516,504,516,504,544,430,544,62,727
240,542,310,542,310,568,240,568,Total:
430,544,504,544,504,572,430,572,69,000
250,570,310,570,310,596,250,596,Cash:
420,572,506,572,506,600,420,600,100,000
228,626,310,626,310,652,228,652,CHANGE:
430,627,504,630,503,658,429,655,31,000
52,348,80,348,80,374,52,374,2X
85,347,201,347,201,373,85,373,S-Ovaltine
206,348,302,348,302,374,206,374,Macchiat
306,348,392,348,392,376,306,376,@22,000
432,348,508,348,508,376,432,376,44,000
74,376,114,376,114,402,74,402,25%
54,404,80,404,80,428,54,428,1X
86,402,146,402,146,428,86,428,S-KOI
152,402,202,402,202,428,152,428,Cafe
206,400,300,402,299,430,205,427,Macchiat
306,402,392,402,392,430,306,430,@25,000
430,404,506,404,506,432,430,432,25,000
76,430,114,430,114,456,76,456,25%
