78,584,218,584,218,612,78,612,CHICKEN
226,584,326,584,326,612,226,612,KATSU
333,581,435,581,435,609,333,609,CURRY
444,580,530,580,530,608,444,608,UDON
578,582,598,582,598,606,578,606,1
660,578,758,578,758,608,660,608,46,364
80,616,218,616,218,644,80,644,KAKIAGE
224,614,360,614,360,642,224,642,TEMPURA
578,612,596,612,596,638,578,638,1
659,610,755,607,756,638,660,641,10,000
84,648,168,648,168,674,84,674,COLD
175,647,261,644,262,671,176,674,OCHA
578,644,596,644,596,670,578,670,1
658,640,754,640,754,670,658,670,10,909
302,768,374,768,374,794,302,794,SUB.
380,766,474,766,474,794,380,794,TOTAL
636,766,738,766,738,796,636,796,67,273
221,804,409,800,410,831,222,835,RESTAURANT
418,802,478,802,478,832,418,832,TAX
656,804,740,804,740,834,656,834,6,727
290,886,394,886,394,916,290,916,GRAND
402,884,500,888,499,917,401,914,TOTAL
588,916,746,916,746,960,588,960,74,000
181,924,335,921,336,951,182,954,~ MANDIRI
372,920,500,920,500,956,372,956,[74,000]
526,1100,636,1104,635,1137,525,1133,Change:
632,1100,652,1100,652,1134,632,1134,0
