360,1322,391,1322,391,1377,360,1377,1
404,1315,622,1315,622,1380,404,1380,[RICHE]
622,1315,809,1315,809,1373,622,1373,WHITE
816,1315,996,1315,996,1370,816,1370,SKIMM
1358,1316,1539,1311,1541,1371,1360,1376,52,727
360,1394,391,1394,391,1445,360,1445,1
408,1390,605,1390,605,1445,408,1445,PEACH
1502,1383,1540,1383,1540,1434,1502,1434,0
363,1462,394,1462,394,1513,363,1513,1
408,1455,639,1455,639,1513,408,1513,LYCHEE
1502,1455,1540,1455,1540,1502,1502,1502,0
363,1530,397,1530,397,1584,363,1584,1
411,1526,649,1526,649,1584,411,1584,LONGAN
1502,1519,1540,1519,1540,1574,1502,1574,0
367,1601,397,1601,397,1652,367,1652,1
414,1594,680,1594,680,1649,414,1649,ROASTED
690,1591,924,1591,924,1645,690,1645,ALMOND
1502,1591,1540,1591,1540,1642,1502,1642,0
367,1666,401,1666,401,1720,367,1720,1
413,1664,866,1654,867,1713,415,1723,YELLOW VELVET
1502,1659,1540,1659,1540,1710,1502,1710,0
370,1737,404,1737,404,1788,370,1788,1
413,1733,866,1723,867,1781,415,1791,YELLOW VELVET
1499,1727,1540,1727,1540,1781,1499,1781,0
360,1873,469,1873,469,1927,360,1927,Sub
471,1870,608,1865,610,1921,473,1926,Total
1356,1863,1536,1863,1536,1924,1356,1924,52,727
360,1941,469,1941,469,1992,360,1992,PB1
481,1936,642,1932,643,1992,483,1996,(10%)
1387,1931,1536,1931,1536,1989,1387,1989,5,273
360,2006,530,2006,530,2063,360,2063,Total
1322,1995,1533,1995,1533,2056,1322,2056,58,000
374,2274,503,2274,503,2325,374,2325,Card
508,2271,737,2263,739,2317,510,2325,Payment
1349,2257,1526,2257,1526,2315,1349,2315,58,000
