236,560,308,560,308,584,236,584,AMOUNT
238,638,308,638,308,664,238,664,AMOUNT
240,718,314,718,314,744,240,744,AMOUNT
237,799,311,796,313,823,238,826,AMOUNT
232,882,310,882,310,908,232,908,AMOUNT
231,973,309,970,310,999,232,1002,AMOUNT
230,1068,311,1065,312,1095,232,1099,AMOUNT
232,1174,361,1164,363,1195,234,1205,TOTAL
562,1162,646,1162,646,1190,562,1190,54,950
230,1103,337,1098,339,1129,232,1133,SUBTOTAL
560,1094,642,1094,642,1126,560,1126,54,950
234,406,328,406,328,432,234,432,MACARONI
519,400,589,397,590,424,520,427,10,000
236,434,284,434,284,458,236,458,DISC
292,432,340,432,340,458,292,458,ITEM
496,426,590,426,590,452,496,452,-30.000%
518,452,590,452,590,478,518,478,-3,000
236,486,264,486,264,508,236,508,2X
400,482,460,482,460,506,400,506,@9500
238,510,306,510,306,534,238,534,LUMPIA
522,502,592,502,592,524,522,524,19,000
236,536,286,536,286,560,236,560,DISC
292,534,340,534,340,560,292,560,ITEM
499,525,593,521,594,545,500,549,-30.000%
522,548,596,548,596,572,522,572,-5,700
234,586,308,586,308,610,234,610,BANANA
312,582,384,582,384,608,312,608,KISMIS
536,574,598,574,598,600,536,600,8,000
236,612,286,612,286,638,236,638,DISC
292,610,342,610,342,636,292,636,ITEM
504,600,598,600,598,626,504,626,-30.000%
526,626,600,626,600,654,526,654,-2,400
238,667,299,663,301,688,240,692,SOSIS
306,664,354,664,354,688,306,688,SOLO
538,655,601,652,603,679,540,682,9,000
240,692,290,692,290,716,240,716,DISC
296,690,344,690,344,716,296,716,ITEM
506,682,604,682,604,708,506,708,-30.000%
530,708,606,708,606,736,530,736,-2,700
240,746,312,746,312,772,240,772,LUMPUR
544,738,608,738,608,764,544,764,8,000
240,774,290,774,290,798,240,798,DISC
298,772,346,772,346,798,298,798,ITEM
512,766,610,766,610,792,512,792,-30.000%
536,792,610,792,610,820,536,820,-2,400
238,826,300,826,300,852,238,852,DADAR
306,826,382,826,382,852,306,852,PISANG
548,822,614,822,614,850,548,850,8,500
234,854,288,854,288,880,234,880,DISC
294,854,346,854,346,880,294,880,ITEM
514,852,614,852,614,880,514,880,-30.000%
540,880,616,880,616,908,540,908,-2,550
232,910,312,910,312,938,232,938,KLEPON
554,910,618,910,618,938,554,938,8,000
232,942,286,942,286,970,232,970,DISC
294,940,346,940,346,968,294,968,ITEM
548,968,624,968,624,998,548,998,-2,400
232,1004,298,1004,298,1032,232,1032,BUGIS
564,1000,630,1000,630,1028,564,1028,8,000
230,1038,287,1035,288,1062,232,1065,DISC
294,1034,348,1034,348,1062,294,1062,ITEM
532,1030,634,1030,634,1058,532,1058,-30.000%
558,1060,640,1060,640,1092,558,1092,-2,400
228,1139,325,1133,327,1164,230,1170,PLASTIK
332,1132,425,1126,427,1157,334,1163,TENTENG
624,1128,642,1128,642,1156,624,1156,0
