421,1101,574,1101,574,1152,421,1152,SOUR
572,1102,753,1093,756,1146,575,1155,CREAM
756,1095,971,1086,973,1138,758,1147,N ONION
428,1176,459,1176,459,1220,428,1220,1
602,1173,760,1163,763,1217,606,1226,17,000
1310,1146,1475,1139,1477,1195,1313,1202,17,000
363,1419,713,1412,714,1466,364,1472,GRAND TOTAL
1314,1400,1478,1396,1480,1452,1316,1456,17,000
359,1526,598,1521,599,1575,360,1580,CASHIDR
1309,1513,1479,1513,1479,1567,1309,1567,52,000
359,1639,577,1634,578,1687,360,1691,CHANGE
578,1635,693,1635,693,1686,578,1686,DUE
1309,1625,1479,1625,1479,1679,1309,1679,35,000
370,1275,479,1275,479,1326,370,1326,SUB
479,1275,642,1275,642,1326,479,1326,TOTAL
1315,1247,1479,1247,1479,1302,1315,1302,17,000
