102,670,120,670,120,700,102,700,1
170,668,250,668,250,700,170,700,BBQ
257,667,383,664,384,695,258,698,Chicken
624,656,738,656,738,692,624,692,41,000
100,702,118,702,118,732,100,732,1
170,702,294,702,294,732,170,732,- Pedas
718,688,742,688,742,720,718,720,0
629,758,747,753,748,786,630,790,41,000
88,804,188,804,188,832,88,832,Total.
631,792,749,787,750,819,632,823,41.000
87,833,159,843,154,880,82,870,Pay
161,836,249,833,250,867,162,870,Cash
258,832,374,832,374,868,258,868,50.000
398,830,609,839,607,886,396,878,Change:
607,830,739,827,740,876,608,878,9,000
92,766,242,766,242,800,92,800,ITEMS:1
