84,356,274,356,274,380,84,380,CINNAMON SUGAR
88,388,98,388,98,406,88,406,1
164,386,228,386,228,410,164,410,17,000
446,389,510,392,509,415,445,412,17,000
60,428,108,428,108,450,60,450,SUB
108,428,180,428,180,450,108,450,TOTAL
444,432,508,432,508,454,444,454,17,000
58,490,210,490,210,514,58,514,GRAND TOTAL
442,490,506,490,506,512,442,512,17,000
54,536,160,536,160,560,54,560,CASH IDR
442,534,506,534,506,556,442,556,50,000
51,586,199,579,200,604,52,611,CHANGE DUE
442,576,506,576,506,600,442,600,33,000
