38,351,70,351,69,366,37,366,2005
76,350,120,350,121,369,74,368,CHEESE
123,352,158,352,158,370,123,370,JOHN
93,370,156,371,156,391,92,389,9.500,00
182,374,198,373,198,393,180,392,x1
254,374,317,376,317,396,253,395,9.500,00
35,407,74,407,74,425,36,424,Total
78,408,116,409,116,427,77,426,Item:
189,412,196,410,197,430,187,430,1
34,444,80,443,81,462,35,462,Total.
237,453,299,454,299,473,236,471,9.500,00
37,461,66,461,67,480,37,480,Cash
36,481,101,482,100,498,35,496,Tendered:
258,489,327,489,326,505,257,504,20.000,00
37,498,88,500,88,517,39,517,Change:
258,505,325,505,325,517,258,519,10.500,00
