138,478,176,478,176,512,138,512,2X
184,478,346,480,345,514,183,511,M-Ovaltine
356,480,482,483,481,516,355,513,Macchiat
492,484,602,484,602,518,492,518,@31,000
656,486,752,486,752,522,656,522,62,000
170,518,224,518,224,550,170,550,70%
170,556,204,556,204,584,170,584,No
216,556,268,556,268,582,216,582,Ice
404,736,504,736,504,772,404,772,Total:
680,740,782,740,782,778,680,778,94,000
402,778,504,778,504,814,402,814,DEBIT:
683,782,783,782,783,820,683,820,94,000
386,864,506,864,506,902,386,902,CHANGE:
768,866,790,866,790,900,768,900,0
136,586,170,586,170,616,136,616,1X
180,584,312,588,311,619,179,615,M-Konjac
324,586,392,586,392,618,324,618,Milk
402,590,454,590,454,618,402,618,Tea
496,590,608,590,608,622,496,622,@32,000
664,590,762,590,762,624,664,624,32,000
164,620,232,620,232,652,164,652,100%
354,698,502,698,502,730,354,730,Subtotal:
677,699,777,699,777,735,677,735,94,000
