211,1219,354,1220,350,1297,208,1298,NASI
381,1222,567,1219,563,1295,381,1297,PUTIH
1122,1218,1345,1222,1338,1302,1120,1301,13,000
208,1399,355,1398,356,1472,207,1469,AYAM
377,1399,462,1396,461,1468,380,1469,GR
487,1397,669,1389,674,1467,487,1471,BUMBU
1113,1399,1338,1399,1336,1480,1111,1479,44,000
207,1308,288,1308,283,1383,204,1384,2X
769,1312,981,1312,981,1389,769,1389,22,000
212,1567,424,1566,422,1643,213,1644,NESTLE
450,1566,565,1566,566,1638,451,1638,330
589,1565,667,1566,666,1640,589,1640,ML
1114,1574,1328,1575,1330,1652,1118,1653,16,000
206,1481,289,1481,286,1556,207,1556,2X
767,1482,944,1484,944,1560,763,1560,8,000
208,1730,768,1737,764,1818,204,1818,SUBTOTAL
1106,1742,1327,1745,1325,1826,1104,1824,73,000
208,1821,321,1820,318,1896,212,1897,TAX
352,1822,462,1824,461,1896,355,1894,10%
1136,1831,1329,1833,1328,1912,1135,1911,7,300
209,1909,384,1912,389,1985,209,1983,TOTAL
1105,1918,1321,1919,1321,2001,1107,2001,80,300
207,1999,489,1999,488,2074,207,2073,CASH
1076,2007,1324,2009,1326,2090,1080,2087,100,500
208,2078,424,2078,424,2166,208,2166,CHANGE
1098,2096,1317,2096,1317,2176,1097,2176,20,200
590,1650,730,1655,732,1726,586,1728,5.00
768,1650,939,1650,939,1733,768,1733,ITEMS
