54,314,64,314,64,334,54,334,1
76,308,151,314,149,337,74,331,DOUBLE
156,312,222,312,222,334,156,334,CHICK
228,312,304,316,303,336,227,332,BREAST
428,313,507,321,504,347,426,338,89,000
50,336,64,336,64,356,50,356,1
74,332,124,335,123,352,73,349,IPED
134,336,234,336,234,356,134,356,MANDARIN
430,337,509,344,507,369,428,362,38,000
66,377,134,379,133,402,65,399,ITEMS
142,377,206,381,205,404,140,401,TOTAL
420,384,511,388,509,414,419,410,127,000
64,402,144,402,144,424,64,424,SILVER
150,404,254,404,254,424,150,424,CARD 10Y
420,404,511,413,509,441,417,432,12,700)
56,471,152,474,151,498,55,495,Service
158,473,240,476,239,498,157,495,Charce
446,481,518,484,517,511,445,509,9,525
54,496,100,502,97,524,51,517,Tax
436,505,518,508,517,534,435,531,13,653
60,446,164,450,163,474,59,470,SUBTOTAL
420,458,514,458,514,484,420,484,114,300
50,546,182,549,181,578,49,575,TOTAL
338,551,520,559,519,589,336,581,137,478
42,573,118,576,117,602,41,599,Total
124,578,184,578,184,602,124,602,item
192,578,224,578,224,604,192,604,:2
362,575,487,585,485,615,360,605,Total Qty
494,586,526,586,526,612,494,612,:2
38,630,138,630,138,658,38,658,MANDIRI
146,632,206,632,206,656,146,656,VISA
430,638,528,638,528,666,430,666,137,478
