140,580,298,580,298,626,140,626,Subtotal
715,585,837,585,837,631,715,631,15,455
100,366,120,366,120,412,100,412,1
138,366,246,373,243,419,136,413,CHOCO
256,375,377,380,375,424,254,420,ALMOND
719,376,843,373,844,421,720,423,18,182
136,688,239,683,241,731,138,736,Total
712,690,832,695,829,743,710,737,17,001
134,798,335,788,337,833,136,842,++Rounding
794,806,834,806,834,848,794,848,-1
125,850,235,844,238,892,128,898,FLAZZ
711,844,838,858,832,907,706,892,17,000
98,690,118,690,118,736,98,736,1
134,421,295,427,293,473,132,467,Subtotal
712,430,839,424,841,472,714,477,18,182
140,476,224,476,224,520,140,520,-15%
239,475,336,481,333,528,236,522,DISC.
718,478,842,478,842,526,718,526,-2.727
134,634,240,634,240,680,134,680,PAJAK
254,634,314,634,314,678,254,678,10%
728,640,832,640,832,688,728,688,1,546
