60,388,88,388,88,414,60,414,11
108,388,184,388,184,414,108,414,AMBUSH
190,388,228,388,228,414,190,414,DBL
236,388,274,388,274,414,236,414,CHS
282,388,332,388,332,412,282,412,BURG
396,386,516,386,516,416,396,416,181,500.00
72,422,88,422,88,444,72,444,4
106,420,184,420,184,448,106,448,AMBUSH
188,420,230,420,230,446,188,446,CHS
236,420,310,420,310,446,236,446,BURGER
405,420,515,417,516,446,406,448,44,000.00
72,456,88,456,88,480,72,480,1
108,454,160,454,160,480,108,480,TAKE
166,452,218,452,218,478,166,478,AWAY
224,450,298,450,298,478,224,478,CHARGE
418,452,517,446,519,478,420,483,1,000.00
92,586,170,586,170,612,92,612,AMOUNT
176,586,218,586,218,614,176,614,DUE
376,582,500,582,500,614,376,614,226,500.00
92,656,146,656,146,682,92,682,CASH
403,654,529,649,530,681,404,685,250,000.00
90,762,168,762,168,790,90,790,CHANGE
381,760,497,757,498,788,382,790,23,500.00
94,518,206,518,206,546,94,546,SUB-TOTAL
374,516,496,516,496,546,374,546,226,500.00
