168,568,294,568,294,603,168,603,ORIGINAL
306,571,322,569,321,602,305,602,6
336,568,384,568,384,608,336,608,PCS
105,568,120,568,120,600,105,600,1
776,577,869,578,869,613,774,612,45,000
390,961,466,960,466,993,390,992,Sales
484,961,604,962,603,993,484,994,included
617,961,663,961,663,996,617,996,PB1
43,666,90,666,90,704,43,704,SUB
104,670,183,670,183,704,104,704,TOTAL
771,673,864,673,864,712,771,712,45,000
40,768,120,768,120,808,40,808,TOTAL
135,771,214,771,214,808,135,808,SALES
773,781,864,781,864,818,773,818,45,000
41,822,120,822,120,856,41,856,GOPAY
769,833,863,833,862,874,769,872,45,000
