126,626,202,629,201,660,125,657,BASO
210,628,281,622,284,655,212,661,TAHU
458,614,478,614,478,642,458,642,1
488,614,589,609,591,642,490,647,43,181
668,604,766,604,766,636,668,636,43,181
126,670,166,670,166,702,126,702,ES
176,674,267,667,270,699,178,707,JERUK
462,654,482,654,482,682,462,682,1
493,652,597,649,598,684,494,687,13.000
676,646,776,646,776,680,676,680,13,000
686,690,788,690,788,724,686,724,56,181
122,716,216,716,216,750,122,750,TOTAL
717,784,809,780,810,817,718,820,5,618
116,812,176,812,176,848,116,848,TAX
188,812,285,806,287,842,190,848,10.00
294,806,320,806,320,838,294,838,%
103,862,205,859,206,893,104,896,GRAND
220,858,316,858,316,892,220,892,TOTAL
709,834,817,831,818,868,710,871,61,799
724,880,836,880,836,920,724,920,62,000
100,913,203,908,205,945,102,950,TUNAI
94,969,237,960,239,997,96,1006,KEMBALI
782,934,843,931,845,969,784,973,201
