232,600,250,600,250,618,232,618,x
232,664,250,664,250,684,232,684,x
171,560,399,557,400,582,172,586,CARAMELALMOND
180,598,192,598,192,618,180,618,1
264,592,344,592,344,616,264,616,23,000
602,586,680,586,680,610,602,610,23,000
173,625,357,620,358,646,174,652,*CARAMEL DIP*
178,664,190,664,190,686,178,686,1
264,658,284,658,284,682,264,682,0
666,650,684,650,684,672,666,672,0
148,712,202,712,202,738,148,738,SUB
202,710,288,710,288,736,202,736,TOTAL
609,699,689,696,690,723,610,726,23,000
614,772,694,772,694,798,614,798,23,000
151,784,325,781,326,809,152,812,GRAND TOTAL
153,838,269,838,269,862,153,862,CASHIDR
618,826,698,826,698,854,618,854,50.000
158,886,320,891,319,919,157,913,CHANGE DUE
618,882,700,882,700,910,618,910,27,000
