346,634,426,634,426,666,346,666,GRAND
434,634,512,634,512,666,434,666,TOTAL
670,640,768,640,768,674,670,674,12,000
121,726,191,719,194,754,124,761,CASH
674,708,772,708,772,744,674,744,12,000
420,811,512,814,511,849,419,846,CHANGE
752,824,774,824,774,856,752,856,0
30,499,125,504,123,540,28,535,Puppy
134,498,190,498,190,530,134,530,Pao
420,490,452,490,452,522,420,522,1x
494,488,586,488,586,522,494,522,12,000
670,486,770,486,770,522,670,522,12,000
32,580,91,577,93,611,34,614,Sub
100,576,187,571,189,605,102,610,Total
670,564,768,564,768,600,670,600,12,000
