452,2325,605,2325,605,2389,452,2389,TOTIAL
1390,2316,1578,2316,1578,2380,1390,2380,64.181
452,2491,554,2491,554,2555,452,2555,TAX
567,2491,725,2491,725,2555,567,2555,10.00
733,2491,780,2491,780,2551,733,2551,%
1420,2487,1587,2487,1587,2551,1420,2551,6,418
452,2572,605,2572,605,2636,452,2636,GRAND
622,2572,776,2572,776,2636,622,2636,TOTAL
1390,2568,1582,2568,1582,2632,1390,2632,70.599
456,2653,614,2653,614,2717,456,2717,TUNAI
1390,2649,1587,2649,1587,2717,1390,2717,70.599
452,2734,665,2734,665,2798,452,2798,KEMBALI
1536,2734,1582,2734,1582,2798,1536,2798,0
448,2082,576,2082,576,2146,448,2146,BASO
588,2082,721,2082,721,2146,588,2146,TAHU
1015,2077,1053,2077,1053,2137,1015,2137,1
1070,2073,1258,2073,1258,2137,1070,2137,43.636
1386,2069,1574,2069,1574,2133,1386,2133,43.636
448,2163,580,2163,580,2227,448,2227,NASI
588,2163,750,2163,750,2222,588,2222,PUTIH
1015,2158,1058,2158,1058,2218,1015,2218,1
1100,2150,1258,2150,1258,2218,1100,2218,6.000
1412,2150,1578,2150,1578,2214,1412,2214,6,000
452,2244,580,2244,580,2308,452,2308,TAHU
593,2239,780,2239,780,2303,593,2303,SATUAN
1015,2244,1053,2244,1053,2299,1015,2299,1
1075,2235,1258,2235,1258,2299,1075,2299,14.545
1385,2236,1578,2230,1580,2296,1387,2302,14,545
