92,758,110,758,110,790,92,790,1
156,758,250,758,250,790,156,790,Salted
258,754,318,759,315,796,255,791,Egg
320,754,388,754,388,786,320,786,Yolk
394,754,512,754,512,786,394,786,Chicken
570,754,674,754,674,790,570,790,45,000
86,850,168,850,168,882,86,882,Total.
575,846,681,846,681,882,575,882,45,000
88,818,208,818,208,852,88,852,ITEMS:
208,820,224,820,224,850,208,850,1
87,879,149,888,144,924,82,914,Pay
153,882,231,879,233,913,154,916,Cash
239,878,341,875,342,913,240,916,50,000
470,885,599,890,597,923,468,918,Change:
596,886,678,886,678,920,596,920,5,000
574,814,678,814,678,848,574,848,45,000
