312,1212,333,1209,334,1267,308,1268,1
353,1209,408,1206,410,1270,353,1264,NS
429,1210,478,1210,478,1262,429,1262,GR
509,1205,624,1205,624,1264,509,1264,TELOR
647,1203,796,1203,796,1262,647,1262,KEBULI
1088,1197,1243,1195,1243,1261,1088,1261,27,272
361,1464,552,1460,560,1517,361,1514,SUBTOTAL
1089,1458,1245,1457,1242,1509,1085,1514,27,272
361,1521,437,1525,442,1589,360,1584,TAX
1111,1516,1247,1512,1236,1576,1111,1576,2,727
368,1648,604,1648,605,1710,368,1710,TOTAL
946,1645,1237,1645,1240,1706,944,1709,30,000
363,1715,468,1715,467,1774,363,1771,CASH
1091,1708,1246,1707,1245,1769,1087,1777,50,000
360,1771,511,1778,516,1843,356,1844,Change
1093,1773,1241,1773,1244,1838,1090,1839,20,000
