569,2918,958,2903,962,2993,572,3008,TOTAL
1361,2912,1905,2928,1902,3020,1359,3003,152,746
405,2248,448,2248,448,2329,405,2329,1
682,2239,972,2239,972,2325,682,2325,SAUSAGE
998,2240,1126,2240,1126,2325,998,2325,AND
1156,2240,1395,2240,1395,2325,1156,2325,SALAMI
1664,2248,1915,2248,1915,2333,1664,2333,62,000
405,2346,448,2346,448,2427,405,2427,1
682,2338,896,2338,896,2423,682,2423,GREEN
916,2335,1245,2330,1246,2418,917,2423,MONSIEUR
1664,2346,1915,2346,1915,2432,1664,2432,57,000
405,2444,448,2444,448,2525,405,2525,1
682,2440,814,2440,814,2521,682,2521,ADD
849,2436,887,2436,887,2517,849,2517,1
917,2436,998,2436,998,2517,917,2517,W.
1036,2432,1356,2432,1356,2517,1036,2517,ORIGINAL
1673,2437,1917,2446,1915,2534,1670,2526,12,000
563,2534,810,2534,810,2619,563,2619,SUBTTL
1629,2538,1915,2538,1915,2628,1629,2628,131,000
559,2637,693,2630,697,2712,563,2719,SVC
721,2628,853,2628,853,2713,721,2713,CHG
878,2624,972,2624,972,2705,878,2705,6%
1699,2633,1917,2641,1914,2730,1695,2721,7,860
558,2730,691,2730,691,2816,558,2816,PB1
733,2722,853,2722,853,2811,733,2811,10%
1668,2729,1913,2737,1910,2827,1666,2819,13,886
