27,406,135,403,136,428,28,431,1009-Roti
144,404,220,404,220,430,144,430,Kelapa
118,434,220,434,220,462,118,462,8.000,00
262,434,290,434,290,458,262,458,x2
370,434,482,434,482,460,370,460,16.000,00
24,468,172,468,172,494,24,494,1245-Plastik
180,463,292,469,291,495,178,489,Tentengan
298,464,364,464,364,488,298,488,Kecil
164,498,218,498,218,528,164,528,0,00
262,498,290,498,290,522,262,522,x1
434,496,488,496,488,526,434,526,0,00
12,636,90,636,90,662,12,662,Total.
353,631,471,631,471,661,353,661,16.000,00
8,670,64,670,64,698,8,698,Cash
6,706,122,709,121,736,5,733,Tendered:
404,702,528,702,528,734,404,734,50.000,00
4,741,97,749,95,776,2,769,Change:
408,740,528,740,528,772,408,772,34.000,00
16,568,80,568,80,594,16,594,Total
88,568,152,568,152,594,88,594,Item:
274,564,292,564,292,590,274,590,3
