74,748,184,748,184,783,74,783,GRAND
188,750,280,750,280,783,188,783,TOTAL
650,748,756,748,756,782,650,782,28,000
69,819,152,819,152,854,69,854,CASH
153,819,212,819,212,856,153,856,IDR
654,822,760,822,760,857,654,857,50,000
64,887,194,890,193,923,63,921,CHANGE
196,890,262,890,262,922,196,922,DUE
658,894,764,894,764,930,658,930,22,000
86,667,145,667,145,693,86,693,SUB
151,663,242,663,242,695,151,695,TOTAL
646,650,752,650,752,684,646,684,28,000
118,563,243,563,243,592,118,592,ALMOND
245,558,352,558,352,588,245,588,CHOCO
355,554,462,553,464,584,355,585,CREAM
465,549,589,549,589,580,465,580,CHEESE
120,606,138,606,138,632,120,632,1
220,602,311,598,313,629,222,633,28,000
643,588,745,584,747,618,644,621,28,000
