147,715,331,715,331,785,147,785,TOTAL
534,712,765,707,769,787,536,794,83,000
143,788,259,788,259,858,143,858,BCA
286,786,368,786,368,858,286,858,DB
537,784,769,780,770,860,538,864,83,000
124,504,146,504,146,540,124,540,3
160,504,250,504,250,540,160,540,TWIST
261,504,355,503,352,539,261,539,DONUT
636,496,749,491,752,532,636,538,27,000
122,546,146,546,147,580,123,582,2
158,544,318,544,318,580,159,582,CRANBERRY
328,542,438,542,439,580,328,578,WALNUT
452,542,504,542,505,581,452,582,(S)
640,538,751,534,754,575,642,580,17,000
126,590,142,590,142,622,126,622,1
156,588,266,588,266,624,156,624,POTATO
278,584,404,584,407,622,277,624,SAUSAGE
414,584,508,584,508,620,414,620,BREAD
643,580,753,577,754,616,644,619,19,000
122,632,140,632,140,666,122,666,1
153,629,247,629,247,665,155,668,BLACK
260,628,368,628,372,665,258,667,CHEESE
380,626,490,626,490,662,380,662,HOTDOG
641,623,755,620,758,662,641,667,20,000
