139,892,239,889,240,925,140,927,SUBTTL
626,890,738,890,738,926,626,926,166,000
138,972,190,972,190,1006,138,1006,PB1
642,968,738,968,738,1004,642,1004,17,679
138,932,192,932,192,966,138,966,SVC
642,930,740,930,740,966,642,966,10,790
116,700,130,700,130,728,116,728,1
142,694,258,694,258,728,142,728,SHISAMO
268,694,396,694,396,728,268,728,MENTAIKO
638,696,738,696,738,732,638,732,33,000
116,738,128,738,128,768,116,768,1
142,734,242,734,242,768,142,768,SALMON
251,733,333,731,334,763,252,766,BACON
638,734,738,734,738,770,638,770,49,000
112,776,128,776,128,806,112,806,1
142,772,272,772,272,808,142,808,DYNAMITE
284,770,396,770,396,804,284,804,SCALLOP
637,774,737,774,737,810,637,810,55,000
114,818,128,818,128,846,114,846,1
142,812,240,812,240,846,142,846,TOBIKO
252,810,318,810,318,844,252,844,TOFU
637,812,737,812,737,848,637,848,29,000
141,1088,297,1083,298,1119,142,1124,TOTAL
522,1075,735,1083,733,1119,520,1111,194,469
