435,1911,477,1911,477,1979,435,1979,1
540,1906,767,1901,769,1970,542,1976,Double
793,1898,977,1898,977,1962,793,1962,Choco
1001,1888,1224,1881,1225,1941,1002,1947,Crispy
1595,1843,1820,1825,1826,1906,1602,1924,14,091
971,2032,1305,2024,1306,2093,973,2101,SubTotal:
1583,2014,1811,1998,1817,2078,1589,2094,14,091
1160,2116,1314,2116,1314,2184,1160,2184,PB1:
1634,2096,1828,2078,1835,2157,1641,2174,1,409
955,2300,1256,2286,1263,2431,962,2445,Total:
1600,2261,1898,2261,1898,2419,1600,2419,15,500
1005,2475,1211,2469,1213,2547,1007,2553,Flash
1235,2463,1398,2457,1401,2533,1238,2539,BCA:
1706,2427,1984,2427,1984,2517,1706,2517,15,500
