184,328,205,327,205,351,184,352,6
208,328,248,328,248,351,208,351,NASI
255,327,304,329,304,353,255,351,PUTIH
490,333,548,333,548,357,490,357,54,000
187,353,209,353,209,378,187,378,1
210,353,249,353,250,377,210,376,SATE
255,354,316,355,316,377,255,376,PADANG
490,357,549,357,551,380,490,380,35,000
184,377,206,377,206,404,184,404,1
206,377,255,377,255,401,204,401,GULAI
263,379,301,379,301,402,263,402,CUMI
487,379,545,379,546,403,487,404,25,000
184,402,207,402,207,428,184,428,4
209,403,275,403,275,428,209,428,DENDENG
281,403,342,404,342,428,281,428,BALADO
488,401,548,401,548,427,488,427,80,000
183,423,198,424,198,452,184,452,3
203,427,274,429,273,451,203,450,KERUPUK
280,427,328,427,328,451,280,451,KULIT
487,427,545,426,545,452,487,452,18,000
184,450,201,450,201,474,184,474,1
207,450,275,450,275,474,207,474,RENDANG
282,452,341,452,340,475,281,475,DAGING
488,452,549,452,549,474,489,475,20,000
183,475,194,475,194,498,182,498,1
202,475,253,476,252,498,201,498,GULAI
257,475,300,474,300,498,258,499,HATI
485,475,547,474,546,501,487,501,20,000
183,499,198,499,199,523,183,523,1
203,499,264,499,264,524,203,524,MUJAIR
271,501,321,501,320,524,271,523,BAKAR
490,503,549,503,549,524,488,525,23,000
182,523,194,524,194,549,183,549,1
200,522,251,523,251,548,200,548,GULAI
258,525,300,526,299,549,257,549,OTAK
487,527,546,527,546,552,487,552,20,000
184,551,201,551,201,576,184,576,1
204,551,244,551,244,574,203,575,AYAM
251,548,304,548,304,576,251,576,BAKAR
488,550,549,551,549,575,487,575,20,000
177,574,195,574,195,600,177,600,1
200,573,261,573,261,600,200,601,SAMBAL
267,573,297,573,297,599,268,600,TRI
304,576,360,576,360,600,304,600,BELAH
488,576,547,575,547,599,486,600,18,000
184,602,199,602,197,624,183,624,3
200,598,253,598,253,624,200,624,LALAP
257,602,310,602,310,624,257,624,SEGAR
488,600,551,600,551,624,486,625,24,000
177,624,194,625,193,650,177,650,1
198,626,241,626,242,649,199,651,AYAM
248,624,307,624,307,651,248,651,PENYET
487,625,548,625,548,649,487,650,21,000
181,650,196,650,196,675,181,675,2
201,653,242,652,243,674,201,674,AYAM
250,652,310,652,310,674,249,674,GORENG
489,650,552,649,553,674,489,674,40,000
175,675,194,676,194,701,176,701,2
196,674,239,674,239,700,196,700,AYAM
247,677,280,677,279,700,246,700,POP
489,676,550,676,550,702,489,702,42,000
179,701,193,701,194,728,180,728,2
201,702,250,703,251,726,199,726,GULAI
258,700,328,700,328,726,258,726,TUNJANG
493,703,556,703,556,728,493,728,40,000
173,726,192,726,192,752,173,752,6
196,727,230,727,231,752,197,752,TEH
492,728,553,728,553,753,492,753,30,000
175,751,191,751,191,782,175,782,1
197,751,260,751,261,780,198,780,TERONG
267,751,338,751,338,779,268,780,BELANDA
493,754,558,754,559,780,494,781,20,000
176,781,191,781,191,810,176,810,1
197,780,227,780,228,805,196,807,TEH
237,782,287,782,287,808,237,808,TELUR
493,780,555,782,556,807,494,807,25,000
179,808,192,808,192,834,179,834,2
196,809,260,809,260,834,195,834,PUDING
496,805,560,805,560,836,496,836,16,000
198,864,279,864,279,890,198,890,Subtotal
487,861,564,863,563,891,487,891,591,000
194,890,268,891,267,918,194,918,P.Resto
271,889,306,889,306,916,271,916,10%
496,892,560,892,561,918,496,919,59,100
197,920,248,920,248,945,197,945,Total
486,920,565,920,565,948,486,948,650,100
154,976,240,976,240,1003,154,1003,CASH
419,976,567,976,567,1008,419,1008,650,100
166,920,194,920,194,951,166,951,41
