401,646,475,642,476,662,402,666,96,000
16,666,80,666,80,688,16,688,Total.
398,662,473,656,475,676,400,682,96,000
19,686,157,679,158,702,20,709,DEBIT BCA:
11,578,115,573,116,598,12,603,ITEMS :4
402,568,481,564,483,589,404,593,87,275
14,600,62,600,62,624,14,624,VAT
64,598,118,598,118,622,64,622,10%
415,589,481,585,482,609,416,612,8,728
452,626,478,626,478,644,452,644,-3
16,644,122,644,122,668,16,668,Rounding
22,466,36,466,36,486,22,486,1
68,462,124,462,124,486,68,486,NASI
128,462,146,462,146,482,128,482,+
150,458,212,458,212,482,150,482,AYAM
217,458,291,454,292,479,218,483,KATSU
294,456,360,456,360,480,294,480,TER...
400,452,480,452,480,478,400,478,31,819
20,488,34,488,34,508,20,508,1
66,484,112,484,112,508,66,508,TEH
116,482,190,482,190,506,116,506,PANAS
413,477,479,474,480,499,414,502,5,455
18,510,32,510,32,530,18,530,1
66,506,96,506,96,530,66,530,ES
98,506,146,506,146,530,98,530,TEH
150,504,224,504,224,528,150,528,MANIS
413,500,481,496,482,522,414,525,7,273
18,534,30,534,30,554,18,554,1
64,530,98,530,98,554,64,554,CH
110,528,208,528,208,552,110,552,CORDON
212,526,270,526,270,550,212,550,BLEU
274,524,332,524,332,550,274,550,NASI
402,522,482,522,482,548,402,548,42,728
