138,594,156,594,156,626,138,626,1
170,592,242,592,242,628,170,628,TEH
254,590,372,590,372,626,254,626,PUCUK
714,592,812,592,812,632,714,632,9,091
138,644,158,644,158,678,138,678,1
170,642,276,642,276,678,170,678,SPICY
286,642,310,642,310,676,286,676,C
320,640,456,640,456,678,320,678,CHEESE
692,642,816,642,816,682,692,682,40,000
138,694,158,694,158,724,138,724,1
172,690,336,690,336,726,172,726,WOOSAM
348,690,432,690,432,726,348,726,RICE
440,690,466,690,466,724,440,724,R
691,691,815,691,815,729,691,729,33,636
366,788,508,788,508,822,366,822,Subtotal
694,786,816,786,816,826,694,826,82,727
440,838,508,838,508,874,440,874,Tax
716,836,819,831,821,874,718,878,8,273
392,896,510,896,510,938,392,938,Total
665,896,819,892,820,938,666,941,91,000
386,950,506,950,506,988,386,988,CASH
665,949,819,944,821,989,666,994,91,000
