22,450,34,450,34,470,22,470,1
72,446,130,446,130,468,72,468,BBQ
132,446,222,446,222,468,132,468,Chicken
428,442,506,442,506,468,428,468,41,000
20,472,32,472,32,492,20,492,1
70,468,154,468,154,492,70,492,- Tidak
156,468,230,468,230,492,156,492,Pedas
496,464,514,464,514,488,496,488,0
12,516,108,516,108,542,12,542,ITEMS:
108,518,120,518,120,540,108,540,1
12,542,76,542,76,566,12,566,Total
434,536,516,536,516,564,434,564,41,000
12,566,122,566,122,596,12,596,Pay Cash
124,564,204,564,204,592,124,592,41,000
400,567,492,570,491,597,399,593,Change
502,568,520,568,520,592,502,592,0
432,512,514,512,514,538,432,538,41,000
