338,1312,399,1316,397,1361,336,1357,TL
582,1318,1029,1331,1027,1378,581,1365,147,600
334,1371,494,1376,493,1423,332,1418,DEBIT
806,1387,1040,1392,1039,1440,805,1435,147,600
412,584,472,584,472,626,412,626,2 X
736,582,920,582,920,626,736,626,13,000
252,638,410,638,410,680,252,680,CHOCO
444,638,566,638,566,682,444,682,CHIP
821,637,1019,634,1020,679,822,682,26,000
412,694,472,694,472,736,412,736,3 X
734,692,920,692,920,736,734,736,14,000
252,750,410,750,410,792,252,792,CHOCO
442,747,628,747,628,791,442,791,BANANA
826,748,1020,748,1020,792,826,792,42,000
250,804,438,804,438,846,250,846,CRISPY
474,804,630,804,630,846,474,846,CHOCO
832,804,1020,804,1020,848,832,848,14,000
250,858,438,858,438,902,250,902,CRISPY
474,858,630,858,630,902,474,902,CHOCO
832,860,1022,860,1022,904,832,904,14,000
410,916,470,916,470,956,410,956,3 X
736,916,924,916,924,960,736,960,12,000
250,970,472,970,472,1014,250,1014,CHOCBAN
504,970,596,970,596,1012,504,1012,CUP
826,974,1024,974,1024,1020,826,1020,36,000
408,1028,470,1028,470,1070,408,1070,2X
736,1028,926,1028,926,1074,736,1074,16,000
248,1082,342,1082,342,1126,248,1126,RED
376,1082,564,1082,564,1126,376,1126,VELVET
828,1085,1028,1090,1027,1137,827,1133,32,000
344,1137,596,1140,595,1185,343,1182,SUBTOTAL
804,1143,1030,1147,1029,1194,803,1190,164,000
350,1196,438,1196,438,1240,350,1240,10%
340,1254,400,1254,400,1296,340,1296,%-
838,1264,1036,1267,1035,1316,837,1313,16,400
