254,612,274,612,274,644,254,644,2
286,610,364,610,364,642,286,642,TWIST
376,610,470,610,470,642,376,642,ORANGE
480,610,560,610,560,642,480,642,CHOCO
570,610,650,610,650,642,570,642,DONUT
710,610,812,610,812,646,710,646,20,000
254,650,274,650,274,680,254,680,2
286,648,426,648,426,680,286,680,CHOCOLATE
436,646,514,646,514,678,436,678,TWIST
709,649,811,649,811,683,709,683,32,000
260,690,272,690,272,718,260,718,1
286,686,350,686,350,718,286,718,REAL
360,684,500,684,500,716,360,716,CHOCOLATE
510,684,574,684,574,716,510,716,ROLL
714,688,812,688,812,724,714,724,16,000
254,726,274,726,274,756,254,756,2
286,722,426,722,426,756,286,756,CHOCOLATE
436,722,530,722,530,754,436,754,SOBORO
712,728,814,728,814,764,712,764,28,000
282,796,440,796,440,860,282,860,TOTAL
616,800,816,803,815,872,615,869,96,000
286,858,352,858,352,892,286,892,CASH
700,867,815,871,813,907,698,902,100,000
280,895,471,890,473,955,282,960,CHANGE
648,905,816,907,815,976,647,973,4,000
