96,794,160,794,160,826,96,826,WHDP
172,794,204,794,204,824,172,824,JR
214,792,262,792,262,824,214,824,15K
613,790,705,790,705,824,613,824,15,000
96,833,219,837,217,870,95,865,TakeQuay
228,836,320,836,320,866,228,866,Charge
658,830,706,830,706,862,658,862,909
93,922,215,919,216,951,94,953,Subtotal
618,916,706,916,706,950,618,950,15,909
94,962,142,962,142,994,94,994,PB1
156,962,230,962,230,994,156,994,(10%)
629,958,706,950,710,987,632,995,1,591
94,1048,156,1048,156,1078,94,1078,Take
166,1046,233,1052,231,1083,164,1077,Awoy
242,1044,316,1044,316,1078,242,1078,Total
618,1038,710,1038,710,1074,618,1074,17,500
94,1130,158,1130,158,1160,94,1160,Cash
618,1120,712,1120,712,1158,618,1158,20,000
90,1215,187,1221,185,1253,88,1247,Change
634,1204,712,1204,712,1240,634,1240,2,500
