123,690,236,690,236,720,123,720,Nutella
253,691,351,690,349,718,253,718,Cheese
76,693,90,692,91,726,75,726,1
598,685,692,685,692,717,596,718,27,272
318,774,458,774,458,806,318,806,SubTotal:
585,770,679,769,679,806,582,805,27,272
397,814,460,814,460,845,397,845,PB1:
601,812,681,811,678,848,597,849,2,727
310,903,426,898,426,964,306,966,Total:
579,896,697,896,692,965,579,965,29,999
405,977,483,977,485,1008,402,1010,Cash:
613,972,711,971,711,1008,612,1009,50,000
358,1024,469,1024,469,1059,358,1059,Change:
601,1017,692,1017,695,1054,598,1054,20,001
