248,1120,307,1117,309,1149,248,1148,ITEM
112,769,124,769,124,794,112,794,1
139,768,224,766,223,794,136,794,Common
230,767,275,767,275,792,230,792,Law
413,768,483,768,483,797,413,797,9,900
112,801,128,801,128,830,112,830,1
140,800,221,800,221,832,140,832,Tigger
230,800,286,798,284,826,230,824,Roll
404,801,485,802,486,836,404,834,14,900
134,867,247,861,247,894,136,899,SUBTOTAL
400,868,482,868,482,898,400,898,24,800
136,936,228,931,231,963,133,968,SPECIAL
237,932,298,928,298,960,238,962,DISC
426,938,482,935,483,968,426,965,-300
128,971,190,967,192,997,127,1003,CASH
386,968,482,968,482,1000,386,1000,100,000
125,1006,217,1002,218,1055,128,1067,CHANGE
394,1002,481,1005,483,1064,396,1060,75,500
44,1134,115,1134,115,1169,42,1173,TOTAL
129,1130,172,1127,170,1162,125,1163,QTY
220,1122,240,1122,240,1152,220,1152,2
