324,618,368,618,368,644,324,644,Sub
373,616,439,612,440,640,374,643,Total
538,606,616,606,616,634,538,634,47,727
302,714,385,709,387,736,304,741,P.Rest
394,706,424,706,424,734,394,734,10
434,708,448,708,448,730,434,730,%
556,699,623,696,625,723,558,726,4.773
384,798,451,793,453,821,386,827,Total
547,766,632,760,635,809,550,815,52,500
398,824,455,821,457,849,400,852,Cash
554,815,635,811,637,839,556,844,60,000
362,894,457,888,459,917,364,922,Kembali
572,881,641,876,643,906,574,911,7,500
182,1046,202,1046,202,1072,182,1072,4
210,1042,294,1042,294,1072,210,1072,Items,
114,474,126,474,126,496,114,496,1
173,470,291,464,293,491,174,497,Spaghetti
304,464,384,464,384,490,304,490,Deluxe
538,452,606,452,606,480,538,480,8.182
116,504,126,504,126,528,116,528,1
176,500,260,500,260,526,176,526,Lychee
265,496,335,493,336,520,266,523,Float
540,484,608,484,608,510,540,510,5.909
116,536,128,536,128,560,116,560,1
178,530,210,530,210,558,178,558,SB
220,532,232,532,232,554,220,554,1
242,528,274,528,274,554,242,554,HC
529,515,607,512,608,539,530,542,27.727
118,568,130,568,130,592,118,592,1
179,561,285,557,286,585,180,589,Perkedel
544,544,612,544,612,572,544,572,5.909
