152,612,208,612,208,640,152,640,SATE
214,609,299,605,301,635,216,639,PADANG
487,599,571,595,572,626,488,630,60,000
151,676,363,667,364,699,152,708,SUBTOTAL
492,662,576,662,576,694,492,694,60,000
152,712,196,712,196,742,152,742,TAX
208,708,250,708,250,738,208,738,10%
506,696,576,696,576,728,506,728,6,000
152,744,224,744,224,776,152,776,TOTAL
494,730,578,730,578,762,494,762,66,000
150,780,261,774,262,805,152,811,CASH
484,764,580,764,580,796,484,796,100,000
150,814,237,810,239,841,152,845,CHANGE
496,798,582,798,582,830,496,830,34,000
297,637,429,632,430,663,298,668,1.00xITEMS
