41,537,142,537,142,581,41,581,SOP
177,547,283,547,283,594,177,590,AYM
319,553,417,553,417,598,319,598,BNG
689,569,844,569,844,612,689,612,7,000
28,714,125,714,125,762,28,762,TEH
166,721,335,721,335,770,166,770,TARIK
375,732,404,732,404,772,375,772,P
653,740,837,740,837,789,653,789,15,000
125,779,292,779,292,832,125,832,TOTAL
455,796,826,796,826,849,455,849,15,000
118,840,255,840,255,891,118,891,CASH
635,858,833,863,833,914,634,911,55,000
112,900,354,900,349,954,112,954,KEMBALI
635,920,835,923,831,979,631,973,40,000
30,655,129,655,129,699,30,699,SOP
168,663,269,663,269,708,168,708,AYM
307,669,408,669,408,714,307,714,BNG
649,684,840,683,839,728,649,728,-7,000
