460,1732,661,1732,661,1787,460,1787,ZAI.Milk
661,1725,833,1731,831,1784,660,1778,Choco
836,1728,942,1728,942,1792,836,1792,Egg
950,1728,1279,1720,1281,1784,951,1791,Avenger60gr
678,1826,708,1826,708,1877,678,1877,1
903,1817,1164,1812,1165,1874,904,1879,53,636.00
1371,1808,1632,1793,1636,1855,1374,1869,53,636.00
452,1945,661,1945,661,2001,452,2001,ZAI.Milk
665,1945,836,1945,836,1996,665,1996,Choco
842,1938,955,1949,949,2010,836,1999,Egg
955,1941,1130,1941,1130,1996,955,1996,Frozen
1139,1932,1262,1932,1262,1992,1139,1992,60gr
678,2039,712,2039,712,2090,678,2090,1
907,2033,1168,2023,1170,2085,909,2095,53,636.00
1372,2018,1633,2012,1634,2074,1374,2080,53,636.00
494,2210,682,2210,682,2265,494,2265,TOTAL
1351,2189,1633,2181,1635,2243,1352,2251,107,272.00
490,2385,614,2385,614,2444,490,2444,TAX
1384,2377,1641,2364,1644,2427,1387,2439,10,727.00
498,2294,793,2288,794,2345,499,2351,DISCOUNT
1518,2278,1638,2278,1638,2333,1518,2333,0.00
477,2487,691,2487,691,2542,477,2542,GRAND
695,2478,887,2478,887,2538,695,2538,TOTAL
1355,2470,1642,2465,1643,2527,1357,2532,117,999.00
477,2756,661,2756,661,2816,477,2816,TOTAL
668,2756,869,2748,871,2807,670,2815,BAYAR
1360,2730,1646,2725,1647,2787,1361,2793,117,999.00
475,2867,728,2854,731,2913,478,2926,CHANGE
1527,2837,1646,2837,1646,2892,1527,2892,0.00
