306,978,438,978,438,1046,306,1046,Total:
597,976,747,984,743,1065,593,1057,60,999
308,1061,400,1064,399,1098,307,1096,Debit
412,1063,500,1066,499,1100,411,1097,Card:
638,1064,747,1068,745,1108,640,1111,60,999
318,844,474,848,473,883,317,879,SubTotal:
612,848,722,848,722,888,612,888,55,454
404,892,474,892,474,928,404,928,PB1:
629,894,719,894,719,932,629,932,5,545
110,707,236,710,235,745,109,742,Nutella
250,707,358,710,357,744,249,741,Cheese
62,710,80,710,80,740,62,740,1
632,712,742,712,743,753,631,753,27,272
108,754,270,754,270,790,106,791,Toblerone
282,756,442,756,442,788,282,788,BanCheese
60,756,78,756,78,786,60,786,1
630,758,743,756,742,796,630,796,28,182
