104,505,200,508,199,534,103,532,SUBTOTAL
400,510,476,510,476,538,400,538,27,300
102,531,218,534,217,561,101,559,TOTAL
400,538,478,538,478,566,400,566,27,300
98,559,194,562,193,590,97,587,CASH
402,566,480,566,480,596,402,596,50,000
94,590,238,590,238,618,94,618,CHANGE
404,596,482,596,482,626,404,626,22,700
228,482,346,482,346,508,228,508,4.00xITEMs
118,330,144,330,144,352,118,352,3X
278,334,346,334,346,358,278,358,@13000
118,354,166,354,166,378,118,378,BOLU
170,356,228,356,228,380,170,380,KUKUS
234,358,260,358,260,380,234,380,PX
392,360,464,360,464,386,392,386,39,000
116,380,164,380,164,402,116,402,DISC
170,382,218,382,218,404,170,404,ITEM
372,386,464,386,464,410,372,410,-30.000%
384,408,466,408,466,432,384,432,-11,700
112,428,138,428,138,452,112,452,1X
274,432,302,432,302,456,274,456,@0
108,452,190,452,190,478,108,478,PLASTIK
198,456,268,456,268,480,198,480,SEDANG
456,458,470,458,470,480,456,480,0
