72,942,102,942,102,986,72,986,2
152,940,336,940,336,986,152,986,Nutella
356,942,506,942,506,986,356,986,Cheese
873,930,1023,925,1025,977,874,982,54,544
457,1068,673,1064,674,1111,458,1116,SubTotal:
858,1058,1009,1052,1011,1106,860,1111,54,544
578,1132,672,1132,672,1178,578,1178,PB1:
883,1122,1009,1118,1010,1171,884,1174,5,454
447,1270,632,1264,635,1358,451,1365,Total:
856,1249,1042,1249,1042,1351,856,1351,59,998
450,1397,581,1388,584,1439,453,1448,Debit
600,1388,725,1381,727,1430,602,1437,Card:
912,1364,1067,1357,1069,1420,914,1427,59,998
