94,774,152,774,152,802,94,802,TOTAL:
370,778,434,778,434,808,370,808,53,020
92,828,138,828,138,854,92,854,MEGA
140,828,212,828,212,856,140,856,OFFLINE
216,828,258,828,258,856,216,856,EFT:
370,830,436,830,436,860,370,860,53,020
84,156,106,156,106,180,84,180,1X
110,154,162,154,162,182,110,182,8,000
82,178,234,178,234,206,82,206,#PKTPOLSBTSPON2S
372,182,424,182,424,208,372,208,8,000
82,204,126,204,126,228,82,228,MEGA
128,204,208,204,208,228,128,228,Discount
390,206,434,206,434,230,390,230,800-
82,226,106,226,106,252,82,252,1X
110,226,172,226,172,252,110,252,14,000
82,250,150,250,150,276,82,276,BENECOL
154,250,214,250,214,276,154,276,LYCHEE
220,250,244,250,244,276,220,276,2S
366,252,426,252,426,278,366,278,14,000
82,274,162,274,162,300,82,300,Discount
374,276,434,276,434,302,374,302,1,400 -
80,298,208,298,208,324,80,324,MEGA Discount
374,300,434,300,434,326,374,326,1,260-
82,322,104,322,104,348,82,348,1X
108,322,170,322,170,348,108,348,12,200
80,346,130,346,130,372,80,372,REGAL
134,346,188,346,188,372,134,372,MARIE
192,346,226,346,226,372,192,372,125
228,346,252,346,252,372,228,372,GR
366,346,428,346,428,374,366,374,12,200
80,372,124,372,124,396,80,396,MEGA
126,370,208,370,208,398,126,398,Discount
376,372,436,372,436,398,376,398,1,220-
80,396,102,396,102,422,80,422,1X
108,396,160,396,160,422,108,422,6,000
82,422,94,422,94,446,82,446,7
98,420,122,420,122,446,98,446,UP
126,420,160,420,160,446,126,446,CAN
164,420,196,420,196,446,164,446,330
200,420,222,420,222,446,200,446,ML
376,420,428,420,428,448,376,448,6,000
78,446,124,446,124,472,78,472,MEGA
126,446,208,446,208,472,126,472,Discount
394,446,438,446,438,472,394,472,600-
80,470,102,470,102,496,80,496,1X
106,470,160,470,160,496,106,496,6,400
78,494,168,494,168,522,78,522,SAKATONIK
170,494,204,494,204,522,170,522,LVR
210,494,244,494,244,522,210,522,10S
378,494,430,494,430,524,378,524,6,400
78,520,122,520,122,546,78,546,MEGA
124,520,206,520,206,546,124,546,Discount
396,522,440,522,440,548,396,548,640-
78,544,102,544,102,572,78,572,1X
106,546,158,546,158,572,106,572,9,300
78,570,112,570,112,596,78,596,DUA
114,570,186,570,186,596,114,596,BELIBIS
190,568,252,568,252,598,190,598,SBL135
378,569,433,572,431,601,376,598,9,300
78,596,158,596,158,622,78,622,Discount
380,598,440,598,440,626,380,626,1,400 -
78,624,120,624,120,646,78,646,MEGA
124,622,206,622,206,648,124,648,Discount
400,624,440,624,440,650,400,650,790-
76,646,138,646,138,674,76,674,0,292X
144,646,204,646,204,674,144,674,19,900
76,672,120,672,120,698,76,698,DAUN
124,672,176,672,176,700,124,700,SEREH
378,674,430,674,430,704,378,704,5,811
76,698,120,698,120,724,76,724,MEGA
122,697,206,700,205,726,121,724,Discount
398,702,442,702,442,728,398,728,581-
94,721,182,724,181,752,93,749,SUBTOTAL:
370,726,434,726,434,756,370,756,53,020
