268,620,288,620,288,654,268,654,1
307,618,388,626,384,662,303,655,Ayam
400,620,480,620,480,654,400,654,Asam
492,618,592,618,592,652,492,652,Manis
606,614,630,614,630,648,606,648,M
878,607,1001,601,1003,644,880,649,94,000
266,660,286,660,286,692,266,692,1
306,658,386,658,386,694,306,694,Ikan
398,658,518,658,518,692,398,692,Gurame
534,654,612,654,612,688,534,688,Tahu
626,652,648,652,648,686,626,686,M
859,646,1001,642,1002,684,860,687,108,000
272,698,290,698,290,732,272,732,1
306,696,404,696,404,732,306,732,Pocai
422,694,552,694,552,730,422,730,3 Telor
570,692,594,692,594,726,570,726,M
861,686,1005,681,1007,723,862,728,112,000
260,736,288,736,288,770,260,770,1
306,736,386,736,386,770,306,770,Sapo
402,734,480,734,480,768,402,768,Tohu
494,732,556,732,556,766,494,766,Sea
588,730,612,730,612,764,588,764,M
862,724,1002,724,1002,764,862,764,112,000
272,774,292,774,292,808,272,808,1
308,768,410,776,407,815,305,807,Udang
421,770,573,767,574,803,422,806,Gandum L
862,762,1008,762,1008,808,862,808,212,000
310,846,464,846,464,882,310,882,SUDTOTAL
866,840,1008,840,1008,880,866,880,638,000
304,886,386,886,386,920,304,920,FAVE
402,884,464,884,464,920,402,920,600
806,882,826,882,826,924,806,924,(
844,880,1004,880,1004,920,844,920,600,000)
306,926,444,926,444,960,306,960,Service
885,920,1011,917,1012,958,886,961,38,280
304,964,366,964,366,1000,304,1000,Tax
888,958,1012,958,1012,1002,888,1002,67,628
307,1119,495,1119,495,1159,307,1159,TOTAL
740,1120,1018,1120,1018,1166,740,1166,143,908
301,1199,423,1199,423,1237,301,1237,MASTER
878,1202,1026,1202,1026,1248,878,1248,143,908
