456,1032,573,1031,574,1079,456,1078,Total
709,1038,866,1041,868,1089,707,1087,37,000
418,1079,570,1082,567,1130,413,1125,GOPAY
709,1087,872,1090,868,1138,704,1140,37,000
215,840,235,840,235,876,214,876,1
247,838,349,840,351,878,244,881,SPICY
353,840,489,840,487,880,353,878,WOSAM
491,841,524,840,526,877,495,881,R
738,842,868,841,869,889,735,885,33,636
430,931,570,933,570,974,428,978,Subtotal
742,933,869,935,871,982,743,983,33,636
499,980,573,981,571,1021,499,1022,Tax
764,983,867,985,869,1038,761,1036,3,364
