154,1968,333,1967,330,2030,159,2035,VALUE
341,1969,492,1970,495,2030,341,2033,MEAL
497,1970,537,1968,538,2029,497,2029,2
993,1978,1022,1978,1022,2032,993,2032,1
1248,1975,1432,1975,1434,2046,1245,2046,33,636
235,2054,350,2053,351,2124,234,2127,EGG
364,2056,556,2061,552,2125,358,2125,RAMEN
985,2070,1023,2070,1023,2128,985,2128,1
1403,2073,1436,2073,1438,2128,1403,2126,0
352,2150,498,2150,498,2212,352,2212,COLD
515,2153,674,2152,674,2210,516,2210,OCHA
982,2159,1026,2158,1026,2217,982,2218,1
1398,2164,1435,2164,1436,2215,1401,2216,0
1244,2283,1431,2284,1431,2354,1241,2354,33,636
136,2364,234,2364,234,2427,136,2427,PB1
255,2368,452,2368,459,2431,252,2428,10.00%
1272,2375,1424,2376,1424,2444,1276,2444,3,364
131,2447,270,2450,273,2512,135,2506,Total
1243,2463,1426,2462,1421,2526,1243,2526,37,000
137,2527,275,2534,269,2591,138,2592,OVO
1236,2551,1420,2551,1420,2608,1236,2608,37,000
128,2272,320,2277,325,2339,129,2334,ITEMS:
337,2282,376,2282,378,2335,338,2338,3
