177,692,359,695,356,739,176,737,Toripaitan
368,693,459,693,461,733,368,732,shoyu
473,688,563,689,564,730,474,732,telur
854,691,906,691,906,727,853,728,IDR
903,691,1013,691,1011,726,909,726,71,500
179,743,360,741,361,782,177,785,Toripaitan
369,739,496,743,495,779,368,779,Ekstrim
509,737,598,738,602,778,509,779,telur
850,734,908,737,908,776,848,775,IDR
905,739,1014,738,1013,774,908,775,79,200
178,790,269,791,273,831,177,831,Green
284,789,341,788,342,829,284,829,Tea
353,785,429,786,428,826,351,827,cold
852,784,907,784,909,821,853,823,IDR
908,786,1012,786,1013,820,910,821,12,100
186,840,390,839,390,878,186,877,(Goreng)Ayam
401,834,494,833,498,878,405,881,Gyoza
854,833,907,835,908,868,855,869,IDR
906,834,1013,834,1013,868,906,868,34,100
177,886,302,883,305,926,178,926,Mineral
321,884,544,884,543,920,322,919,water(normal)
874,878,924,878,925,916,873,917,IDR
923,881,1011,881,1012,916,922,915,8,800
179,1075,234,1074,236,1114,182,1115,Tax
856,1067,909,1069,910,1103,856,1102,IDR
912,1069,1012,1069,1013,1103,910,1103,19,635
177,933,306,934,308,967,175,971,Service
318,926,435,929,436,974,315,975,Charge
856,924,910,928,909,962,855,964,IDR
910,928,1012,928,1012,962,909,962,10,285
178,1027,267,1026,268,1066,179,1068,Total
837,1020,891,1020,891,1057,838,1059,IDR
891,1022,1011,1022,1012,1054,889,1057,215,985
