252,552,309,553,312,583,252,582,OCHA
160,556,171,556,171,583,161,583,1
658,542,731,540,734,573,660,576,8,000
251,584,311,583,312,616,251,616,CHIC
319,583,407,581,408,615,320,616,NAMBAN
414,581,488,580,489,609,415,611,BENTO
160,589,170,587,170,616,160,616,1
647,575,733,573,736,604,648,608,58,000
210,617,296,616,297,651,208,651,SUBTTL
648,609,736,604,740,636,651,642,66,000
208,651,254,651,254,684,207,683,Pb1
267,651,308,651,308,682,267,682,10%
662,639,742,637,741,672,665,673,6,600
204,716,348,717,355,774,202,777,TOTAL
565,711,745,705,755,766,569,774,72,600
202,776,292,777,294,836,198,836,BCA
313,774,460,772,458,830,315,837,DEBIT
566,771,750,765,753,829,575,831,72,600
