101,682,213,678,215,716,102,720,MINI
247,678,387,675,388,712,248,714,CHOCO
612,674,774,674,774,714,612,714,13,500
189,728,411,721,412,759,190,766,SUBTOTAL
612,724,774,724,774,762,612,762,12,273
189,778,275,775,276,812,190,815,TAX
309,773,387,770,389,807,310,810,10%
639,772,773,772,773,810,639,810,1,227
192,826,246,826,246,864,192,864,TL
456,815,768,820,767,860,455,855,13,500
189,874,303,870,305,908,190,912,CASH
612,866,776,870,775,909,611,906,14,000
192,924,248,924,248,960,192,960,CG
690,918,774,918,774,954,690,954,500
