392,1608,473,1608,473,1685,392,1685,1X
500,1609,903,1630,899,1709,495,1688,S-Chocolate
921,1629,1075,1629,1075,1706,921,1706,Milk
1200,1630,1458,1620,1461,1703,1203,1714,@20,000
1585,1612,1817,1603,1820,1687,1588,1695,20,000
463,1699,624,1715,617,1789,455,1773,Less
645,1708,766,1716,762,1789,640,1782,Ice
887,1975,1207,1975,1207,2052,887,2052,Subtotal:
1589,1966,1825,1960,1827,2042,1591,2049,20,000
1062,1890,1207,1890,1207,1962,1062,1962,PB1:
1770,1873,1821,1873,1821,1945,1770,1945,0
992,2065,1206,2058,1208,2134,994,2140,Total:
1590,2054,1825,2048,1828,2132,1592,2138,20,000
1028,2146,1203,2146,1203,2222,1028,2222,Cash:
1594,2144,1829,2138,1831,2221,1596,2228,20,000
955,2321,1203,2321,1203,2402,955,2402,CHANGE:
1783,2325,1830,2325,1830,2397,1783,2397,0
