563,1787,597,1787,597,1860,563,1860,1
627,1783,832,1783,832,1860,627,1860,CHOCO
853,1774,1126,1774,1126,1856,853,1856,CUSTAF D
1150,1769,1394,1763,1396,1847,1152,1852,PASTRY
1698,1757,1937,1757,1937,1843,1698,1843,12,000
558,1881,601,1881,601,1954,558,1954,1
631,1873,904,1873,904,1954,631,1954,CUSTARD
928,1868,1202,1861,1205,1945,930,1952,BRIC CHE
1726,1856,1936,1850,1939,1936,1729,1942,9,000
627,2056,1023,2056,1023,2210,627,2210,TOTAL
1452,2044,1944,2033,1948,2199,1456,2209,21,000
631,2214,797,2214,797,2291,631,2291,CASH
1698,2193,1941,2193,1941,2278,1698,2278,50,000
625,2303,1095,2294,1098,2445,627,2454,CHANGE
1458,2292,1944,2273,1950,2441,1465,2461,29,000
