64,336,110,336,110,376,64,376,2X
120,336,221,340,219,382,118,378,1,200
64,384,112,384,112,426,64,426,NS
122,385,203,388,201,430,120,427,MINI
214,388,309,391,307,434,212,430,STICK
626,390,720,390,720,432,626,432,2,400
66,432,149,434,147,478,65,475,MEGA
162,435,308,438,307,480,161,477,Discount
660,438,736,438,736,480,660,480,240-
66,484,112,484,112,524,66,524,1X
124,484,222,484,222,526,124,526,8,000
68,532,168,532,168,572,68,572,GERRY
180,532,224,532,224,572,180,572,SM
232,532,394,532,394,574,232,574,CHEESE110
628,530,724,530,724,572,628,572,8,000
68,580,150,580,150,622,68,622,MEGA
162,580,310,580,310,622,162,622,Discount
666,578,740,578,740,620,666,620,800 -
68,630,114,630,114,670,68,670,3X
124,628,224,628,224,670,124,670,2,100
69,678,225,674,226,717,70,721,DECOLGEN
233,674,345,671,346,713,234,716,TABLET
358,672,398,672,398,712,358,712,4S
632,672,728,672,728,714,632,714,6,300
70,726,152,726,152,770,70,770,MEGA
161,724,311,721,312,764,162,766,Discount
668,720,742,720,742,762,668,762,630-
68,776,116,776,116,820,68,820,2X
126,773,241,768,243,811,128,816,19,900
65,826,185,818,187,863,68,870,FIXALL
200,820,242,820,242,860,200,860,HK
252,816,346,816,346,858,252,858,26521
618,810,733,816,731,859,616,853,39,800
67,878,223,869,226,912,70,922,Discount
636,859,750,863,749,906,634,902,8,600 -
68,924,152,924,152,970,68,970,MEGA
162,920,313,915,315,959,164,964,Discount
639,907,751,914,748,958,636,952,3,120-
105,976,272,964,276,1008,108,1021,SUBTOTAL:
623,954,738,964,734,1009,619,999,43,110
107,1076,220,1068,224,1112,110,1121,TOTAL:
625,1051,742,1062,738,1107,621,1095,43,110
106,1179,191,1169,196,1214,111,1223,MEGA
201,1166,333,1156,336,1201,204,1211,OFFLINE
346,1156,418,1156,418,1198,346,1198,EFT:
627,1148,743,1161,738,1206,622,1193,43,110
