144,350,168,350,168,368,144,368,2X
144,370,192,370,192,390,144,390,LAPIS
196,368,268,368,268,390,196,390,SINGAPUR
272,350,328,350,328,370,272,370,@ 15000
142,390,184,390,184,408,142,408,DISC
186,390,226,390,226,408,186,408,ITEM
348,390,424,390,424,408,348,408,-30.000%
140,408,198,408,198,428,140,428,AMOUNT
366,408,424,408,424,430,366,430,-9,000
366,368,422,368,422,390,366,390,30,000
134,646,226,646,226,668,134,668,TOTAL
370,648,432,648,432,672,370,672,39,200
130,668,208,668,208,692,130,692,CASH
362,672,432,672,432,696,362,696,100,000
130,692,244,692,244,716,130,716,CHANGE
370,696,432,696,432,720,370,720,60,800
134,622,212,622,212,644,134,644,SUBTOTAL
370,624,430,624,430,648,370,648,39,200
140,428,162,428,162,448,140,448,2X
138,448,196,448,196,468,138,468,LEMPER
270,428,320,428,320,448,270,448,@9000
136,470,178,470,178,490,136,490,DISC
182,470,222,470,222,490,182,490,ITEM
350,470,428,470,428,490,350,490,-30.000%
136,490,194,490,194,512,136,512,AMOUNT
368,492,428,492,428,514,368,514,-5,400
368,448,426,448,426,470,368,470,18,000
134,512,176,512,176,534,134,534,AREM
198,512,240,512,240,534,198,534,AREM
134,534,176,534,176,556,134,556,DISC
180,534,222,534,222,556,180,556,ITEM
352,536,430,536,430,558,352,558,-30.000%
134,556,194,556,194,578,134,578,AMOUNT
370,558,430,558,430,580,370,580,-2,400
378,514,430,514,430,536,378,536,8,000
132,580,174,580,174,602,132,602,MIKA
178,580,230,580,230,600,178,600,BESAR
418,584,430,584,430,602,418,602,0
134,602,202,602,202,622,134,622,PLASTIK
206,602,266,602,266,622,206,622,SEDANG
418,606,430,606,430,624,418,624,0
