640,1753,678,1753,678,1813,640,1813,1
704,1749,819,1749,819,1821,704,1821,[MD]
840,1753,968,1753,968,1817,840,1817,SOFT
985,1753,1194,1753,1194,1817,985,1817,MORNING
1211,1753,1335,1753,1335,1817,1211,1817,ROLL
1497,1749,1681,1749,1681,1817,1497,1817,18,000
635,1826,682,1826,682,1885,635,1885,2
704,1826,827,1826,827,1890,704,1890,REAL
840,1826,998,1826,998,1890,840,1890,HONEY
1011,1826,1224,1826,1224,1890,1011,1890,PANCAKE
1237,1826,1390,1826,1390,1890,1237,1890,BREAD
1491,1822,1680,1816,1682,1885,1493,1891,20,000
640,1898,682,1898,682,1958,640,1958,4
704,1894,913,1894,913,1958,704,1958,CUSTARD
925,1894,1139,1894,1139,1958,925,1958,BRIOCHE
1493,1890,1681,1890,1681,1958,1493,1958,36,000
702,2044,989,2037,991,2147,705,2154,TOTAL
1316,2031,1689,2025,1691,2158,1318,2164,74,000
704,2154,827,2154,827,2214,704,2214,CASH
1470,2150,1684,2142,1687,2209,1472,2217,100,000
705,2229,1048,2219,1052,2329,708,2339,CHANGE
1318,2214,1693,2214,1693,2350,1318,2350,26,000
