42,2624,89,2624,89,2717,42,2717,1
391,2600,656,2595,658,2696,393,2701,BLACK
695,2602,1006,2602,1006,2700,695,2700,PEPPER
1045,2603,1460,2611,1458,2711,1043,2702,MEATBALL
1655,2615,1975,2615,1975,2713,1655,2713,76,500
266,3068,574,3055,578,3152,270,3165,SUBTTL
1591,3059,1954,3059,1954,3157,1591,3157,212,500
277,3178,435,3178,435,3272,277,3272,SVC
469,3174,629,3163,636,3258,475,3270,CHG
669,3165,776,3165,776,3255,669,3255,6%
1651,3170,1949,3170,1949,3264,1651,3264,12,750
281,3293,435,3293,435,3387,281,3387,PB1
486,3286,637,3276,643,3372,492,3382,10%
1638,3272,1941,3272,1941,3366,1638,3366,22,525
303,3517,778,3490,784,3588,309,3615,TOTAL
1259,3463,1925,3473,1923,3567,1257,3557,247,775
51,2739,98,2739,98,2833,51,2833,1
401,2713,665,2713,665,2811,401,2811,GREEN
704,2713,857,2713,857,2807,704,2807,TEA
900,2717,1109,2717,1109,2811,900,2811,WITH
1147,2722,1510,2722,1510,2820,1147,2820,CRUMBLE
1655,2726,1971,2726,1971,2824,1655,2824,56,000
59,2854,106,2854,106,2948,59,2948,1
409,2828,614,2828,614,2926,409,2926,EARL
657,2824,861,2824,861,2918,657,2918,GREY
900,2824,1109,2824,1109,2918,900,2918,MILK
1152,2833,1305,2833,1305,2926,1152,2926,TEA
1651,2835,1968,2841,1966,2940,1649,2935,57,000
68,2969,115,2969,115,3063,68,3063,1
411,2944,818,2932,821,3034,414,3046,ORIGINAL
857,2935,1160,2935,1160,3033,857,3033,BREWED
1203,2944,1356,2944,1356,3042,1203,3042,TEA
1646,2948,1958,2948,1958,3050,1646,3050,23,000
