52,302,118,302,118,328,52,328,ZUPPA
126,300,176,300,176,326,126,326,SOUP
53,333,153,330,154,357,54,360,05130000
174,330,250,330,250,356,174,356,3.000x
290,328,352,328,352,352,290,352,28600
454,324,530,324,530,352,454,352,85,800
55,365,143,362,144,387,56,390,MINERAL
152,362,216,362,216,388,152,388,WATER
57,395,157,392,158,417,58,420,13100000
173,392,249,389,250,414,174,417,3.000x
302,388,352,388,352,412,302,412,6600
450,384,526,384,526,412,450,412,19,800
56,454,122,454,122,478,56,478,Total
443,444,531,441,532,468,444,471,105,600
54,484,108,484,108,510,54,510,CASH
446,474,534,474,534,502,446,502,150,000
54,516,132,516,132,542,54,542,CHANGE
462,506,536,506,536,534,462,534,44,400
