155,545,277,542,278,571,156,574,TRIPPLE
279,541,397,541,397,569,279,569,CHEESE
162,590,174,590,174,614,162,614,1
266,584,354,584,354,614,266,614,17,000
658,577,749,571,751,602,660,607,17,000
127,650,189,647,190,674,128,676,SUB
194,646,288,646,288,674,194,674,TOTAL
662,636,753,630,755,660,664,665,17,000
125,728,327,722,328,751,126,756,GRAND TOTAL
674,712,766,712,766,742,674,742,17,000
115,790,201,787,202,816,116,819,CASH
204,786,258,786,258,814,204,814,IDR
666,776,772,776,772,808,666,808,100,000
109,855,313,849,314,881,110,887,CHANGE DUE
686,842,774,842,774,874,686,874,83,000
