256,374,270,374,270,390,256,390,x
258,402,270,402,270,418,258,418,x
258,428,272,428,272,444,258,444,x
260,456,274,456,274,470,260,470,x
258,480,274,480,274,496,258,496,x
260,506,276,506,276,522,260,522,x
262,532,278,532,278,548,262,548,x
266,558,280,558,280,572,266,572,x
264,582,280,582,280,598,264,598,x
268,608,282,608,282,622,268,622,x
266,632,282,632,282,648,266,648,x
268,660,284,660,284,674,268,674,x
266,686,282,686,282,700,266,700,x
268,710,282,710,282,726,268,726,x
266,738,280,738,280,752,266,752,x
266,764,280,764,280,778,266,778,x
262,788,278,788,278,804,262,804,x
262,816,278,816,278,832,262,832,x
260,844,276,844,276,862,260,862,x
260,872,276,872,276,890,260,890,x
260,902,276,902,276,920,260,920,x
260,930,276,930,276,946,260,946,x
232,372,244,372,244,390,232,390,1
302,368,354,368,354,390,302,390,Nasi
364,365,440,368,439,391,363,388,Campur
446,365,497,362,499,385,448,388,Bali
542,362,618,362,618,388,542,388,75,000
234,400,246,400,246,418,234,418,1
304,394,344,394,344,418,304,418,Bbk
352,394,430,394,430,418,352,418,Bengil
436,392,488,392,488,414,436,414,Nasi
534,388,618,388,618,414,534,414,125,000
234,426,246,426,246,444,234,444,1
303,420,417,420,417,444,303,444,MilkShake
424,418,500,418,500,440,424,440,Starwb
544,414,620,414,620,440,544,440,37,000
236,452,248,452,248,470,236,470,1
306,448,348,448,348,470,306,470,Ice
354,446,418,446,418,468,354,468,Lemon
426,446,466,446,466,466,426,466,Tea
544,440,618,440,618,466,544,466,24,000
238,480,250,480,250,496,238,496,1
306,474,358,474,358,496,306,496,Nasi
366,474,420,474,420,496,366,496,Ayam
425,471,499,469,500,491,426,494,Dewata
544,466,618,466,618,492,544,492,70,000
240,504,252,504,252,522,240,522,3
306,500,360,500,360,522,306,522,Free
368,500,408,500,408,522,368,522,Ice
416,498,454,498,454,520,416,520,Tea
604,494,618,494,618,514,604,514,0
242,530,254,530,254,546,242,546,1
308,526,396,526,396,548,308,548,Organic
404,524,466,524,466,544,404,544,Green
474,522,502,522,502,544,474,544,Sa
544,518,620,518,620,542,544,542,65,000
242,556,254,556,254,572,242,572,1
312,552,352,552,352,572,312,572,Ice
358,550,398,550,398,572,358,572,Tea
546,544,620,544,620,568,546,568,18,000
244,582,256,582,256,598,244,598,1
312,576,352,576,352,596,312,596,Ice
358,576,434,576,434,596,358,596,Orange
544,570,620,570,620,594,544,594,29,000
246,606,258,606,258,622,246,622,1
312,602,364,602,364,624,312,624,Ayam
370,600,422,600,422,620,370,620,Suir
428,598,478,598,478,620,428,620,Bali
544,596,618,596,618,620,544,620,85,000
242,628,260,628,260,650,242,650,2
312,626,364,626,364,648,312,648,Tahu
370,625,444,628,443,648,369,645,Goreng
543,622,619,619,620,644,544,647,36,000
242,654,260,654,260,674,242,674,2
314,652,376,652,376,674,314,674,Tempe
384,650,458,650,458,672,384,672,Goreng
546,644,620,644,620,668,546,668,36,000
244,682,258,682,258,700,244,700,1
312,676,364,676,364,698,312,698,Tahu
370,674,434,674,434,696,370,696,Telor
440,672,494,672,494,694,440,694,Asin
548,668,630,668,630,690,548,690,40,000.
244,708,256,708,256,726,244,726,1
312,702,364,702,364,724,312,724,Nasi
372,700,446,700,446,722,372,722,Goreng
453,696,505,693,506,715,454,718,Samb
550,692,626,692,626,716,550,716,70,000
242,734,256,734,256,752,242,752,3
312,728,352,728,352,750,312,750,Bbk
357,726,457,723,458,747,358,749,Panggang
466,722,508,722,508,742,466,742,Sam
538,716,630,716,630,742,538,742,366,000
242,762,254,762,254,778,242,778,1
312,754,364,754,364,778,312,778,Ayam
371,750,447,747,448,771,372,774,Sambal
454,746,508,746,508,772,454,772,Hija
554,742,632,742,632,768,554,768,92,000
236,784,254,784,254,806,236,806,2
310,780,352,780,352,802,310,802,Hot
358,778,400,778,400,800,358,800,Tea
554,770,634,770,634,796,554,796,44,000
240,816,252,816,252,834,240,834,1
312,808,352,808,352,830,312,830,Ice
360,804,412,804,412,830,360,830,Kopi
556,798,636,798,636,826,556,826,32,000
238,844,250,844,250,862,238,862,1
310,836,364,836,364,860,310,860,Tahu
372,834,438,834,438,858,372,858,Telor
444,832,500,832,500,854,444,854,Asin
558,826,638,826,638,854,558,854,40,000
238,872,250,872,250,892,238,892,1
310,866,364,866,364,888,310,888,Free
374,864,414,864,414,886,374,886,Ice
422,862,464,862,464,884,422,884,Tea
622,856,640,856,640,878,622,878,0
236,900,250,900,250,920,236,920,1
308,892,376,892,376,916,308,916,Bebek
384,890,464,890,464,914,384,914,Street
559,884,641,881,642,908,560,911,44,000
238,930,250,930,250,948,238,948,1
312,924,352,924,352,946,312,946,Ice
360,922,402,922,402,944,360,944,Tea
412,920,480,920,480,942,412,942,Tawar
564,912,642,912,642,938,564,938,18,000
360,979,479,973,481,998,362,1005,Sub-Total
527,970,645,967,646,995,528,998,1,346,000
387,1007,481,1004,482,1027,388,1030,Service
554,998,646,998,646,1026,554,1026,100,950
438,1032,482,1032,482,1056,438,1056,PB1
556,1026,648,1026,648,1052,556,1052,144,695
375,1063,481,1061,482,1085,376,1088,Rounding
606,1054,648,1054,648,1078,606,1078,-45
266,1142,334,1142,334,1162,266,1162,Grand
340,1138,408,1138,408,1160,340,1160,Total
418,1117,647,1108,649,1153,420,1161,1,591,600
