144,924,228,924,228,965,144,965,Sub
236,922,334,922,334,963,236,963,Total
737,912,897,907,898,954,738,959,369,000
144,974,290,974,290,1013,144,1013,Service
764,964,899,958,901,1003,766,1008,18,450
143,1022,231,1019,232,1060,144,1063,VAT
763,1012,901,1008,902,1053,764,1057,38,745
143,1078,317,1075,318,1116,144,1119,Discount
876,1066,902,1066,902,1104,876,1104,0
149,728,451,726,452,767,150,770,SAMGYOPSAL
568,728,594,728,594,763,568,763,2
736,724,892,724,892,768,736,768,194,000
148,784,234,784,234,823,148,823,SUL
244,782,366,782,366,823,244,823,LUNG
378,780,496,780,496,820,378,820,TANG
572,780,590,780,590,816,572,816,1
758,776,890,776,890,821,758,821,75,000
145,839,313,836,314,878,146,881,MAKOLI
572,836,592,836,592,873,572,873,1
739,832,893,827,894,875,740,879,100,000
139,1162,317,1159,318,1213,140,1217,TOTAL
711,1150,913,1147,914,1211,712,1214,426,195
