145,546,161,545,162,578,144,578,1
180,546,282,554,280,597,175,589,Angus
296,554,466,558,465,600,295,597,Striploin
723,546,869,541,870,587,723,591,295,000
142,578,162,578,162,616,142,615,1
180,577,322,589,319,630,176,618,Chicken
331,591,431,593,429,629,331,627,Steak
725,583,872,581,873,622,727,625,140,000
137,616,159,616,160,650,139,650,1
180,616,222,618,221,655,176,652,CK
235,619,413,627,411,665,234,657,Redvelvet
746,616,875,617,877,660,746,660,65,000
138,649,158,650,157,684,137,684,1
179,648,320,659,320,701,173,688,Creamed
328,662,467,662,469,701,327,701,Spinach
752,653,878,651,879,695,752,695,40,000
136,686,152,686,152,721,136,721,1
175,688,199,690,196,723,171,721,F
213,690,350,695,351,737,213,733,Squeeze
365,698,484,701,483,741,365,737,Orange
746,693,879,688,880,728,748,734,60,000
132,719,154,719,155,759,132,759,1
173,722,275,728,274,764,171,759,House
289,729,391,732,391,771,288,766,Blend
752,730,882,725,886,766,754,770,40,000
128,757,146,757,147,788,129,789,1
172,759,235,761,235,797,171,794,Ice
251,764,312,766,313,803,251,801,Tea
325,769,426,769,427,807,325,805,Peach
751,765,883,761,886,804,754,808,45,000
125,790,153,791,153,826,125,825,2
169,794,234,798,231,835,166,830,Ice
248,799,310,803,312,840,247,837,Tea
327,802,411,811,407,852,324,844,Rasp
756,800,888,798,890,842,757,844,90,000
121,826,142,826,143,864,122,864,1
165,828,313,839,309,876,161,867,Jasmine
327,841,390,841,390,878,327,878,Tea
757,839,892,837,894,880,756,882,40,000
119,864,148,865,146,905,118,904,2
160,866,313,874,309,917,156,906,Roasted
325,876,465,879,463,920,322,916,Chicken
745,876,898,876,898,916,745,916,300,000
117,907,137,907,134,945,115,945,1
158,909,288,912,286,955,156,949,Salmon
745,912,904,910,906,957,745,960,170,000
112,947,136,947,135,987,111,987,1
159,947,286,953,282,994,155,987,Salmon
302,955,446,958,446,999,301,994,Seaweed
460,958,545,956,545,998,459,999,Bowl
748,954,909,951,908,998,751,1005,150,000
108,988,128,988,128,1027,107,1027,1
153,988,285,994,282,1033,150,1027,Sorbet
769,994,907,992,911,1042,770,1043,55,000
145,1071,318,1074,318,1117,143,1113,SUBTOTAL
713,1076,915,1074,918,1127,715,1129,1,490,000
141,1112,298,1116,298,1161,140,1157,SERVICE
762,1122,917,1119,921,1171,763,1172,149,000
137,1160,209,1160,209,1203,138,1203,TAX
761,1163,922,1163,922,1218,763,1216,163,900
128,1251,313,1252,313,1297,128,1297,Subtotal
332,1252,401,1250,402,1295,331,1296,BEV
418,1252,491,1252,491,1298,418,1297,NON
507,1252,663,1254,664,1300,507,1300,ALCOHOL
767,1252,925,1253,931,1305,768,1308,275,000
124,1297,309,1297,312,1346,125,1346,Subtotal
329,1298,424,1298,424,1345,328,1345,FOOD
729,1301,931,1297,933,1351,733,1354,1,095,000
119,1347,306,1348,310,1394,119,1392,Subtotal
327,1346,513,1343,514,1397,328,1396,MODIFIER
905,1346,934,1345,936,1390,907,1390,0
119,1393,308,1394,309,1443,119,1442,Subtotal
327,1395,469,1394,469,1443,328,1444,PASTRY
782,1393,940,1388,942,1447,783,1450,120,000
118,1492,351,1495,351,1546,117,1543,TOTAL
542,1488,950,1482,950,1555,543,1558,1,802,900
