215,453,237,453,236,479,217,479,1
257,455,303,455,303,478,257,478,UDG
308,452,342,454,340,481,307,483,GR
345,454,404,456,404,480,345,481,TLUR
412,454,467,453,467,482,409,483,ASIN
269,482,404,482,401,507,270,507,=*MEDIUM*=
487,453,578,452,580,481,487,483,165,000
217,508,235,507,235,537,217,537,1
254,509,316,508,314,536,254,536,SAPO
323,510,355,509,355,538,324,536,TH
363,512,454,512,453,538,363,538,SEAFOOD
268,536,403,538,404,562,269,564,=*MEDIUM*=
486,508,581,507,580,539,485,539,129,000
219,564,235,565,234,592,216,592,1
253,565,315,563,316,594,254,593,CUMI
320,567,351,568,354,592,320,591,GR
361,565,443,566,444,593,361,594,JUNJAN
270,592,402,592,405,621,269,623,=*MEDIUM*=
488,567,580,563,581,592,486,593,129,000
215,623,232,623,233,649,215,649,1
256,622,328,622,328,647,256,647,BIHUN
334,620,415,620,415,649,334,649,GORENG
424,620,456,620,456,646,424,646,JJ
271,648,401,648,404,676,271,677,=*MEDIUM*=
500,623,580,622,581,648,500,649,87,000
214,681,231,680,233,710,216,711,1
256,681,329,678,327,708,255,707,OYONG
334,680,359,680,359,707,334,707,3
361,674,429,674,429,705,361,705,TELOR
266,708,402,707,405,733,264,735,=*MEDIUM*=
504,674,584,674,584,705,504,705,84,000
215,741,231,741,230,764,215,766,1
253,738,341,736,340,763,250,764,GURAME
344,734,431,735,431,763,344,764,FILLET
440,731,464,731,464,760,440,760,M
265,762,327,762,327,795,265,795,ASAM
335,764,407,764,407,793,335,793,MANIS
489,733,584,733,584,762,492,764,163,000
213,793,233,793,233,828,213,828,2
253,798,352,796,353,822,252,822,CHINESE
359,792,392,792,392,825,359,825,TE
417,793,495,792,494,819,417,821,14,000
504,791,588,789,584,821,506,821,28,000
211,829,233,828,234,855,211,857,2
264,827,405,824,406,851,262,855,CRYSANTNUM
211,854,233,854,233,889,211,889,8
251,858,312,856,313,884,252,884,NASI
320,856,392,855,392,883,320,883,PUTIH
416,854,498,852,496,880,415,883,10,000
505,853,589,853,589,879,505,879,80,000
214,890,232,890,231,914,212,915,3
250,889,300,889,300,917,250,917,HOT
304,887,351,884,353,914,307,917,TEA
376,885,458,884,458,913,377,914,12,000
505,880,589,880,589,910,505,910,36,000
213,921,228,921,227,945,212,946,3
246,914,310,914,310,952,246,952,ICED
320,917,364,915,365,944,321,944,TEA
391,915,473,915,473,944,391,947,12,000
503,913,593,910,593,946,502,944,36,000
250,1078,364,1076,365,1105,250,1107,SUBTOTAL
500,1072,598,1070,597,1101,500,1101,937,000
250,1111,351,1108,350,1136,250,1138,SERVICE
359,1104,445,1104,449,1134,359,1136,CHARGE
512,1102,598,1101,598,1130,512,1131,56,220
253,1142,297,1142,297,1168,253,1168,Tax
310,1134,358,1134,358,1172,310,1172,10%
512,1136,600,1132,602,1162,514,1164,99,322
249,982,312,979,311,1010,248,1010,FOOD
491,972,598,973,599,1006,496,1006,757,000
251,1013,380,1012,377,1041,253,1041,BEVERAGES
498,1008,600,1003,600,1035,497,1038,100,000
249,1045,338,1042,342,1071,248,1073,OTHERS
512,1038,597,1038,597,1067,512,1070,80,000
245,1176,309,1173,310,1216,245,1216,DU
336,1173,590,1161,593,1213,336,1223,1,092,542
