468,1312,577,1307,579,1340,470,1345,Total:
702,1294,874,1294,874,1333,702,1335,130.000,00
472,1346,578,1346,577,1380,472,1380,Bayar:
706,1332,871,1324,873,1365,708,1369,130.000,00
437,1374,575,1371,576,1403,438,1406,Kembali:
798,1361,873,1356,875,1393,800,1398,0,00
191,1182,371,1177,372,1214,192,1219,0613800221
384,1176,460,1176,460,1212,384,1212,HOME
468,1172,691,1162,693,1199,470,1209,CHARGER+KABEL
702,1162,756,1162,756,1198,702,1198,138
764,1160,818,1160,818,1194,764,1194,IP5
828,1158,864,1158,864,1192,828,1192,TS
190,1218,216,1218,216,1252,190,1252,C
333,1248,427,1245,428,1286,335,1291,1,000
468,1242,643,1235,644,1278,470,1284,130.000,00
702,1232,867,1223,870,1266,704,1277,130.000,00
