96,980,172,980,172,1014,96,1014,Dine
186,978,224,978,224,1010,186,1010,In
235,976,319,973,320,1007,236,1010,Total
697,966,803,963,804,1002,698,1005,45,000
98,1078,176,1078,176,1112,98,1112,Cash
655,1064,817,1059,818,1100,656,1105,Rp. 50,000
92,1178,204,1178,204,1212,92,1212,Change
674,1164,819,1157,821,1197,676,1204,Rp.5,000
105,846,243,843,244,872,106,874,Subtotal
680,834,782,834,782,868,680,868,40.909
106,888,162,888,162,920,106,920,PB1
177,887,259,884,261,917,178,921,(10%)
703,878,791,875,792,912,704,915,4,091
114,716,186,716,186,746,114,746,KING
196,716,262,716,262,744,196,744,DEAL
272,714,370,714,370,744,272,744,CHEESE
382,712,476,712,476,742,382,742,BURGER
484,714,506,714,506,742,484,742,R
666,710,766,710,766,744,666,744,25,000
118,760,138,760,138,788,118,788,1
148,758,188,758,188,788,148,788,PC
198,756,252,756,252,788,198,788,BIC
674,752,774,752,774,786,674,786,15,909
