552,703,564,703,564,731,552,731,1
175,701,264,701,265,732,175,731,Sesame
278,700,358,700,358,731,278,731,Toast
801,702,893,702,893,733,801,733,22,500
623,701,715,700,716,732,623,733,22,500
471,842,554,842,552,880,472,880,GRAND
564,848,638,848,638,877,564,877,TOTAL
805,848,898,848,898,880,805,880,22,500
242,924,312,925,313,958,240,957,CASH
808,925,901,925,901,957,808,957,50,000
549,1040,640,1040,640,1073,549,1073,CHANGE
812,1042,907,1042,907,1076,812,1076,27,500
171,774,222,774,224,807,171,806,Sub
231,773,309,774,311,808,231,806,Total
802,776,893,776,893,806,802,806,22,500
