24,638,143,630,145,658,26,667,Avocado
146,631,207,625,209,651,148,657,with
209,626,277,623,278,649,210,652,Rock
278,622,379,615,381,642,280,649,Salt and
380,618,458,618,458,642,380,642,Cocoa
28,680,120,680,120,706,28,706,Cream
120,672,168,666,172,699,124,705,[R]
678,596,773,589,775,617,680,624,28,000
64,710,110,710,110,738,64,738,Big
110,708,185,700,188,726,112,733,Pearls
696,674,778,674,778,704,696,704,4,000
29,764,147,751,150,778,33,792,Avocado
150,749,209,744,211,771,152,776,with
210,744,281,738,283,765,212,771,Rock
282,738,381,730,383,757,284,765,Salt and
384,732,458,732,458,756,384,756,Cocoa
32,804,123,799,125,827,34,832,Cream
124,792,171,786,175,819,128,825,[R]
684,720,782,720,782,750,684,750,28,000
67,835,180,820,184,846,70,862,Red Bean
706,804,788,804,788,836,706,836,4,000
129,868,301,847,304,875,133,896,Rock salt and
304,848,392,848,392,874,304,874,Cheese
394,844,438,844,438,878,394,878,[R]
34,883,127,867,132,896,38,911,Coffee
692,849,792,852,791,883,691,881,28,000
36,931,105,920,109,947,41,958,Total
668,902,790,902,790,938,668,938,92,000
698,959,798,962,797,994,697,991,92,000
