321,1209,456,1209,456,1245,321,1245,SUBTOTAL
587,1216,695,1217,694,1244,586,1245,940,000
319,1280,378,1280,378,1310,319,1310,Tax
379,1279,431,1279,431,1308,379,1308,10%
600,1283,695,1283,695,1315,600,1315,99,640
324,1250,428,1250,428,1279,324,1279,SERVICE
443,1245,536,1245,536,1280,443,1280,CHARGE
602,1243,695,1243,695,1278,602,1278,56,400
316,1110,384,1110,384,1145,316,1145,FOOD
588,1111,692,1111,692,1144,588,1144,797,000
323,1151,463,1151,463,1182,323,1182,BEVERAGES
600,1148,691,1148,691,1178,600,1178,83,000
326,1181,417,1181,417,1206,326,1206,OTHERS
601,1182,696,1179,697,1212,601,1214,60,000
304,1310,389,1310,389,1362,304,1362,DU
410,1309,676,1309,676,1369,410,1369,1,096,040
288,535,309,535,309,569,288,569,1
334,532,390,532,390,566,334,566,IKAN
404,538,496,538,496,566,404,566,GURAME
502,539,553,539,553,560,502,560,MED
582,537,693,537,693,566,582,566,158,000
345,566,392,566,392,592,345,592,SOP
404,566,461,566,463,594,403,593,IKAN
284,595,310,595,310,625,284,625,1
326,595,387,595,387,628,326,628,CUMI
394,594,443,594,443,627,394,627,GR
446,595,539,595,539,629,446,629,JUNJAN
591,598,691,598,691,632,591,632,129,000
345,631,488,631,488,655,345,655,=*MEDIUM*=
282,662,305,662,305,698,282,698,1
322,659,393,659,393,688,322,688,CUMI
400,656,434,656,434,692,400,692,GR
444,659,539,659,539,693,444,693,TEPUNG
583,658,687,658,687,689,583,689,129,000
345,693,488,693,488,718,345,718,=*MEDIUM*=
282,729,306,729,306,753,282,753,1
330,727,404,726,404,750,329,751,AGSIO
416,727,449,724,448,750,416,750,TH
450,723,498,723,498,755,450,755,PC
501,722,550,722,550,757,501,757,JMR
581,722,686,722,686,754,581,754,147,000
345,760,500,760,500,787,345,787,=*MEDIUM*=
289,789,306,789,306,817,289,817,1
328,787,400,787,400,817,328,817,POCAI
412,791,467,791,467,817,412,817,BWG
468,785,551,785,551,819,468,819,PUTIH
601,789,687,789,687,819,601,819,90,000
338,822,492,822,492,851,338,851,=*MEDIUM*=
282,852,306,852,306,885,282,885,1
321,853,417,853,417,878,321,878,LUMPIA
424,850,480,850,480,885,424,885,UDG
488,854,552,854,552,881,488,881,PREM
592,848,696,848,696,886,592,886,144,000
343,888,493,886,492,910,343,911,=*MEDIUM*=
282,922,305,922,305,947,282,947,6
319,915,392,915,392,944,319,944,NASI
401,911,479,911,479,944,401,944,PUTIH
602,913,692,916,692,943,603,948,60,000
505,918,591,918,591,950,505,950,10,000
285,951,300,949,298,977,285,978,3
323,949,377,949,377,980,323,980,HOT
379,951,430,951,430,979,379,979,TEA
602,950,696,950,696,979,602,979,36,000
461,947,555,947,555,979,461,979,12,000
283,985,298,985,298,1008,282,1008,1
324,986,396,986,396,1010,324,1010,AQUA
601,981,691,981,691,1013,601,1013,11,000
276,1009,313,1009,313,1042,276,1042,2
325,1019,385,1019,385,1048,325,1048,ICED
398,1016,444,1016,444,1044,398,1044,TEA
603,1015,697,1015,697,1045,603,1045,24,000
475,1012,559,1012,559,1046,475,1046,12,000
278,1047,311,1047,311,1084,278,1084,1
325,1045,384,1045,384,1074,325,1074,ICED
400,1042,460,1042,460,1077,400,1077,TEA
600,1046,691,1046,691,1078,600,1078,12,000
