675,1930,709,1930,716,2004,672,2003,1
422,1824,574,1824,574,1917,422,1917,THAI
613,1838,761,1843,753,1917,602,1911,ICED
779,1837,891,1837,891,1928,779,1928,TEA
912,1850,1032,1850,1032,1929,912,1929,(L)
1542,1924,1749,1924,1759,2027,1542,2028,16,363
1064,1936,1280,1937,1281,2016,1064,2016,16,363
413,2200,544,2200,544,2279,416,2286,Sub
568,2196,748,2200,750,2287,559,2285,Total
1546,2200,1761,2199,1762,2297,1545,2304,16,363
404,2300,611,2300,611,2390,404,2390,Pajak
627,2310,814,2310,814,2378,627,2378,Resto
1562,2307,1760,2307,1762,2390,1562,2390,1,636
394,2397,619,2389,611,2485,402,2485,Grand
630,2400,810,2400,810,2488,630,2488,Total
1544,2396,1768,2395,1773,2486,1544,2490,17,999
400,2108,648,2110,652,2195,400,2194,Jumlah
674,2118,834,2118,827,2188,671,2195,Item
1277,2122,1360,2122,1360,2222,1277,2222,1
