60,646,142,646,142,670,60,670,TOTAL
320,646,407,638,409,666,323,675,108,000
56,682,132,682,132,706,56,706,TUNAI
323,684,411,675,414,705,327,714,110,000
50,740,162,740,162,766,50,766,KEMBALI
353,742,420,734,424,765,356,773,2,000
54,710,112,710,112,736,54,736,NON
116,708,190,708,190,736,116,736,TUNAI
398,706,416,706,416,732,398,732,0
40,404,90,404,90,426,40,426,Total
92,403,151,406,149,429,90,425,Menu
152,408,166,408,166,428,152,428,3
64,316,80,316,80,340,64,340,2
88,316,246,326,245,351,86,341,FL Cake-French
316,322,379,316,381,343,318,349,61,818
88,345,196,350,195,375,87,370,Vanilla SLC
64,374,76,374,76,394,64,394,1
86,373,208,377,207,400,85,395,Red Velvet S
319,375,383,372,385,395,320,398,36,360
76,434,190,434,190,460,76,460,SUBTOTAL
318,434,385,428,387,454,320,460,98,178
72,518,142,518,142,544,72,544,PAJAK
144,518,190,518,190,544,144,544,PPN
194,518,220,518,220,542,194,542,10
220,518,244,518,244,542,220,542,%
316,514,391,511,393,538,318,542,9,817.8
66,598,220,598,220,620,66,620,PEMBULATAN
366,594,400,594,400,616,366,616,4.2
76,462,160,462,160,488,76,488,DISKON
372,458,388,458,388,480,372,480,0
74,490,140,490,140,516,74,516,BIAYA
140,490,258,490,258,516,140,516,TAMBAHAN
372,484,388,484,388,508,372,508,0
71,548,141,545,142,571,72,573,PAJAK
148,548,190,548,190,570,148,570,0%
380,542,392,542,392,564,380,564,0
70,574,136,574,136,596,70,596,BIAYA
140,574,174,574,174,596,140,596,CC
382,572,394,572,394,590,382,590,0
