120,516,218,516,218,556,120,556,TOTAL
328,520,450,520,450,560,328,560,21,000
118,554,164,554,164,576,118,576,CASH
386,558,452,558,452,584,386,584,50,000
118,576,236,580,235,619,117,615,CHANGE
328,584,450,584,450,626,328,626,29,000
106,448,118,448,118,466,106,466,1
122,444,164,444,164,468,122,468,MILK
168,444,230,444,230,468,168,468,PASTRY
234,444,276,444,276,466,234,466,ROLL
394,446,450,446,450,470,394,470,9,000
106,470,116,470,116,490,106,490,1
120,468,192,468,192,492,120,492,CARAMEL
196,468,258,468,258,490,196,490,PASTRY
386,470,450,470,450,494,386,494,12,000
