180,590,198,590,198,620,180,620,1
208,588,262,588,262,620,208,620,SAM
268,588,306,588,306,620,268,620,DA
314,588,364,588,364,620,314,620,S00
370,586,478,586,478,620,370,620,MINERAL
488,586,566,586,566,618,488,618,WATER
622,586,714,586,714,620,622,620,16,000
178,626,200,626,200,658,178,658,2
208,624,290,624,290,658,208,658,TWIST
298,622,378,622,378,656,298,656,DONUT
624,624,716,624,716,658,624,658,18,000
206,696,364,696,364,762,206,762,TOTAL
530,696,720,696,720,762,530,762,34,000
206,758,276,758,276,792,206,792,CASH
622,756,718,756,718,790,622,790,50,000
200,795,395,788,397,855,202,861,CHANGE
536,792,722,792,722,858,536,858,16,000
