652,1689,686,1689,686,1745,652,1745,1
708,1681,904,1681,904,1745,708,1745,CUSTARD
916,1676,1117,1671,1119,1736,917,1741,BRIOCHE
1484,1659,1634,1659,1634,1723,1484,1723,9,000
712,1881,981,1881,981,1984,712,1984,TOTAL
1297,1872,1637,1854,1643,1964,1303,1982,21,000
708,1988,827,1988,827,2048,708,2048,CASH
1467,1966,1646,1966,1646,2030,1467,2030,21,000
710,2058,1040,2049,1042,2152,713,2161,CHANGE
1578,2039,1638,2039,1638,2137,1578,2137,0
652,1753,686,1753,686,1809,652,1809,1
708,1749,904,1749,904,1809,708,1809,CUSTARD
915,1745,1091,1739,1094,1801,918,1808,SOBORO
1463,1728,1638,1728,1638,1792,1463,1792,12,000
