222,602,242,602,242,624,222,624,x
158,558,388,558,388,584,158,584,LEMONADE22OZ
160,596,176,596,176,622,160,622,1
258,596,348,596,348,624,258,624,26,000
650,592,742,592,742,622,650,622,26,000
124,654,282,654,282,680,124,680,SUB TOTAL
654,650,744,650,744,680,654,680,26,000
120,735,323,735,323,763,120,763,GRAND TOTAL
658,732,752,732,752,762,658,762,26,000
116,796,256,796,256,826,116,826,CASHIDR
662,794,756,794,756,826,662,826,50,000
112,862,243,862,243,890,112,890,CHANGE
244,860,310,860,310,890,244,890,DUE
666,858,760,858,760,890,666,890,24,000
