120,634,218,637,217,667,119,663,CORDON
226,636,292,636,292,666,226,666,BLEU
224,678,244,678,244,706,224,706,2
392,678,490,678,490,710,392,710,49,090
606,679,710,682,709,715,605,713,98,180
112,800,164,800,164,832,112,832,Sub
171,804,255,801,256,831,172,834,Total
608,808,712,808,712,840,608,840,98,180
104,843,192,846,191,881,103,878,Pajak
200,846,282,846,282,876,200,876,Resto
622,852,710,852,710,886,622,886,9,818
110,885,192,888,191,917,109,914,Grand
202,886,282,886,282,918,202,918,Total
594,895,714,898,713,931,593,929,107,998
112,757,211,761,209,791,111,787,Jumlah
220,760,286,760,286,790,220,790,Item
496,766,516,766,516,792,496,792,2
