148,478,170,478,170,514,148,514,2
188,484,274,504,265,540,179,521,APPLE
278,508,331,514,327,549,274,543,PIE
642,504,752,495,755,532,645,541,22,000
156,524,170,524,170,558,156,558,1
189,526,276,544,268,581,181,564,APPLE
282,549,465,556,463,598,280,591,CREAMCHEESE
474,553,583,546,585,583,476,589,PASTRY
650,543,759,536,761,573,653,581,13,000
191,613,363,634,354,709,182,687,TOTAL
549,631,774,618,778,695,553,708,35,000
196,690,267,694,265,734,193,730,CASH
652,696,779,689,781,730,654,737,100,000
196,738,398,746,395,825,193,817,CHANGE
561,745,790,732,794,813,565,826,65,000
