186,614,230,614,230,642,186,642,DUE
442,618,524,618,524,648,442,648,25,000
186,644,240,644,240,672,186,672,CASH
442,648,524,648,524,678,442,678,50,000
186,674,264,674,264,704,186,704,CHANGE
442,678,524,678,524,708,442,708,25,000
18,582,80,582,80,610,18,610,ITEM:
78,584,96,584,96,610,78,610,3
16,612,60,612,60,640,16,640,PCS
78,614,94,614,94,640,78,640,3
186,584,290,584,290,612,186,612,SUBTOTAL
442,588,522,588,522,616,442,616,25,000
60,468,72,468,72,490,60,490,1
80,464,120,464,120,490,80,490,RB.
128,464,204,464,204,492,128,492,COKLAT
212,466,252,466,252,492,212,492,BAR
454,468,522,468,522,496,454,496,8,000
60,496,72,496,72,520,60,520,1
80,494,118,494,118,520,80,520,RB.
128,494,204,494,204,522,128,522,COKLAT
212,494,252,494,252,520,212,520,BUN
454,498,522,498,522,528,454,528,8,000
60,526,72,526,72,550,60,550,1
80,524,118,524,118,550,80,550,RB.
128,524,206,524,206,550,128,550,CREPES
212,523,300,523,300,551,212,551,CHICKEN
454,528,522,528,522,558,454,558,9,000
