142,460,154,460,154,474,142,474,X
97,426,397,423,398,445,98,448,ALMOND CHOCO CREAMCHEESE
102,456,112,456,112,474,102,474,1
164,454,224,454,224,474,164,474,28,000
430,452,494,452,494,474,430,474,28,000
78,492,180,492,180,514,78,514,SUB TOTAL
430,492,496,492,496,514,430,514,28,000
76,548,208,548,208,570,76,570,GRAND TOTAL
432,552,498,552,498,576,432,576,28,000
74,590,164,590,164,612,74,612,CASH IDR
434,598,500,598,500,622,434,622,28,000
72,629,198,634,197,657,71,653,CHANGE DUE
486,644,500,644,500,664,486,664,0
