258,670,276,670,276,690,258,690,x
254,736,272,736,272,756,254,756,x
204,630,344,634,343,660,203,655,PEPPERONI
208,668,220,668,220,688,208,688,1
290,668,366,668,366,692,290,692,23,000
616,678,690,678,690,704,616,704,23,000
200,693,492,701,491,728,199,720,ALMOND CREAM CHEESE
204,734,216,734,216,754,204,754,1
286,730,364,733,363,761,285,757,28,000
616,742,690,742,690,768,616,768,28,000
172,778,306,783,305,808,171,804,SUB TOTAL
614,792,690,792,690,818,614,818,51,000
166,851,338,854,337,880,165,877,GRAND TOTAL
618,859,696,862,695,887,617,885,51,000
158,906,264,906,264,932,158,932,MASTER
264,906,324,906,324,932,264,932,2080
622,912,702,912,702,940,622,940,51,000
152,962,320,962,320,990,152,990,CHANGE DUE
688,968,706,968,706,994,688,994,0
