118,413,212,416,211,441,117,437,CK.MANTAP
218,422,230,422,230,442,218,442,A
294,424,356,424,356,448,294,448,25,455
392,430,404,430,404,448,392,448,1
458,430,522,430,522,454,458,454,25,455
114,434,183,438,181,464,112,460,CHEESE
188,444,200,444,200,464,188,464,B
290,448,356,448,356,472,290,472,20,455
392,452,406,452,406,474,392,474,2
458,454,522,454,522,480,458,480,40,909
112,462,160,462,160,486,112,486,TAKE
164,462,211,467,209,492,162,487,AWAY
320,474,356,474,356,496,320,496,909
392,478,404,478,404,498,392,498,1
486,480,522,480,522,502,486,502,909
228,546,264,546,264,568,228,568,Sub
266,546,322,546,322,570,266,570,Total
458,554,524,554,524,578,458,578,67,273
132,566,190,566,190,592,132,592,PAJAK
194,568,282,568,282,594,194,594,RESTORAN
288,572,322,572,322,596,288,596,10%
468,580,526,580,526,604,468,604,6,727
84,617,144,620,143,644,83,642,Total
462,630,528,630,528,656,462,656,74,000
262,652,320,652,320,678,262,678,Apply
326,654,394,654,394,678,326,678,Amount
452,658,530,658,530,682,452,682,100,000
260,677,353,682,351,708,259,703,Changing
450,684,520,684,520,710,450,710,26,000
