106,532,146,531,148,555,106,557,IDR
72,344,174,343,175,367,72,368,ORIGINAL
176,344,210,344,211,366,176,368,NO
211,345,265,343,266,366,212,367,SALT
74,378,86,378,86,398,74,398,1
150,374,218,374,218,398,150,398,12,000
448,370,518,370,518,394,448,394,12,000
46,420,96,420,96,444,46,444,SUB
94,420,166,420,166,442,94,442,TOTAL
450,414,520,414,520,438,450,438,12,000
42,482,126,482,126,507,42,508,GRAND
125,482,196,482,196,507,126,507,TOTAL
452,478,524,478,524,502,452,502,12,000
40,532,104,532,105,556,39,558,CASH
454,528,528,528,528,552,454,552,52,000
38,580,136,581,136,605,38,606,CHANGE
137,579,185,579,186,605,136,606,DUE
456,578,530,578,530,602,456,602,40,000
