433,1903,673,1896,675,1983,436,1991,BUBUR
704,1898,891,1898,891,1984,704,1984,UNGU
1559,1870,1829,1863,1832,1958,1562,1965,26,000
437,2010,630,2004,633,2095,440,2101,DISC
663,2004,848,1998,851,2090,666,2096,ITEM
1478,1981,1834,1969,1836,2058,1481,2070,-30.000%
443,2112,721,2112,721,2201,443,2201,AMOUNT
1570,2077,1838,2077,1838,2167,1570,2167,-7,800
450,2220,720,2213,722,2301,452,2308,SENDOK
752,2215,980,2204,984,2292,756,2303,BEBEK
1783,2180,1834,2180,1834,2257,1783,2257,0
456,2321,682,2321,682,2406,456,2406,WAJIK
1612,2282,1838,2282,1838,2372,1612,2372,7,000
458,2428,643,2422,646,2509,461,2515,DISC
678,2419,861,2419,861,2508,678,2508,ITEM
1491,2385,1838,2377,1840,2468,1493,2477,-30.000%
465,2525,738,2525,738,2611,465,2611,AMOUNT
1574,2483,1838,2483,1838,2572,1574,2572,-2,100
473,2628,738,2628,738,2713,473,2713,CENTIK
768,2619,998,2619,998,2705,768,2705,MANIS
1617,2585,1838,2585,1838,2675,1617,2675,5,500
482,2726,661,2726,661,2811,482,2811,DISC
691,2722,874,2722,874,2807,691,2807,ITEM
1492,2689,1842,2682,1844,2770,1493,2777,-30.000%
491,2818,748,2824,746,2909,489,2903,AMOUNT
1578,2781,1843,2781,1843,2871,1578,2871,-1,650
499,2913,794,2918,793,3006,497,3001,PLASTIK
823,2909,1092,2909,1092,2995,823,2995,SEDANG
1783,2880,1838,2880,1838,2956,1783,2956,0
503,3007,841,3012,840,3100,502,3095,SUBTOTAL
1578,2978,1838,2978,1838,3063,1578,3063,26,950
520,3101,918,3106,916,3198,519,3193,TOTAL
1578,3067,1838,3067,1838,3157,1578,3157,26,950
525,3189,843,3205,838,3292,521,3275,CASH
1576,3167,1838,3158,1841,3249,1579,3258,26,950
