437,1189,563,1189,563,1219,436,1223,CreditCard
315,1142,400,1140,402,1176,316,1179,Total
523,1141,695,1140,696,1179,521,1182,113,000.00
269,1227,375,1228,376,1258,265,1264,Payment
561,1223,698,1225,698,1259,561,1262,113,000.00
265,1261,361,1262,363,1298,265,1296,Change
635,1263,696,1264,697,1293,637,1292,0.00
311,1317,331,1318,332,1349,309,1347,4
334,1312,429,1315,429,1353,331,1351,item(s)
314,983,428,980,427,1017,313,1019,SubTotal
552,981,693,981,693,1013,551,1019,113,000.00
316,1090,427,1091,432,1119,315,1125,Discount
634,1088,692,1087,694,1117,634,1118,0.00
224,644,237,643,238,668,223,668,1
308,643,371,645,372,676,307,673,Berry
374,644,490,645,490,676,372,676,Many-Low
488,643,532,644,532,678,488,678,(P)
561,679,679,679,680,711,563,712,37,500.00
217,715,237,715,237,743,217,744,1
306,716,354,715,355,743,305,743,500
354,714,411,717,414,748,354,750,days
413,715,444,715,443,744,412,745,of
443,721,539,722,536,744,443,746,summer
304,743,346,744,347,780,301,782,(P)
564,778,683,779,682,813,562,812,37,500.00
219,820,234,820,235,846,220,846,1
303,824,348,824,350,847,302,846,sun
351,818,425,819,425,847,351,846,kissed
424,813,470,815,469,853,424,853,(P)
565,851,682,853,685,885,565,885,37,500.00
217,893,231,894,232,922,217,922,1
303,893,405,893,406,921,303,923,PLASTIC
408,892,460,894,462,921,407,923,BAG
596,924,688,926,687,959,597,961,500.00
