65,440,79,442,80,464,64,466,1
92,440,198,440,199,466,93,467,Benedict
210,440,303,440,303,466,209,466,Burrito
480,442,562,439,561,469,481,466,85,000
69,467,82,466,81,491,69,491,1
92,466,178,466,177,491,94,492,Lychee
186,468,225,467,228,490,186,492,Ice
241,464,284,464,284,493,241,493,Tea
487,465,568,465,568,491,487,491,40,000
64,492,82,492,82,517,64,517,1
93,491,148,491,147,520,93,519,Soup
155,492,188,492,188,516,155,516,Of
199,493,239,493,239,520,199,520,The
251,494,297,494,297,521,251,521,Day
484,491,565,490,567,515,484,516,45,000
65,519,85,519,85,542,65,542,1
96,520,227,520,227,547,96,547,Strawberry
240,519,269,520,270,550,239,549,jc
488,515,567,518,567,541,486,541,45,000
94,568,204,570,203,595,93,596,SUBTOTAL
475,564,568,564,570,594,475,595,215,000
91,596,192,597,191,621,92,622,SERVICE
485,594,568,591,569,616,486,620,21,500
94,624,137,623,138,649,94,648,TAX
491,621,573,621,573,644,491,644,23,650
91,675,225,673,228,703,92,703,TOTAL
387,673,570,671,573,698,387,703,260,150
91,702,159,703,161,729,91,730,Total
172,700,226,700,226,733,172,733,item
251,700,268,701,272,728,251,727,4
411,699,482,699,482,725,411,727,Total
491,699,533,698,530,728,491,728,Qty
558,697,573,697,573,724,558,724,4
