196,426,220,426,220,474,196,474,1
238,418,368,424,365,485,236,480,CHOCO
374,427,522,430,521,490,373,487,ALMOND
910,427,1065,422,1067,485,912,489,18,182
212,487,335,490,333,541,210,537,*Gula
350,492,466,499,463,546,347,539,Murni
486,496,578,496,578,546,486,546,100%
242,547,427,552,425,603,240,598,Subtotal
910,546,1063,543,1065,605,912,609,18,182
238,608,332,608,332,658,238,658,- 15%
346,606,450,606,450,664,346,664,DISC
904,606,1058,606,1058,668,904,668,-2,727
234,784,366,784,366,844,234,844,PAJAK
380,792,452,792,452,840,380,840,10%
934,792,1064,792,1064,854,934,854,1,546
236,728,420,728,420,780,236,780,Subtotal
904,730,1058,730,1058,790,904,790,15,455
230,846,356,846,356,906,230,906,Total
904,852,1055,855,1053,916,903,913,17,001
234,974,466,974,466,1024,234,1024,++Rounding
1004,984,1050,984,1050,1034,1004,1034,-1
231,1030,363,1027,364,1090,232,1093,FLAZZ
912,1036,1064,1036,1064,1100,912,1100,17,000
190,852,214,852,214,900,190,900,1
