520,2214,558,2214,558,2282,520,2282,1
584,2210,840,2210,840,2286,584,2286,CAPTAIN
857,2214,1011,2214,1011,2286,857,2286,HOOK
1557,2218,1783,2218,1783,2299,1557,2299,75,000
686,2299,836,2299,836,2372,686,2372,IZZY
857,2299,1011,2299,1011,2376,857,2376,PINK
1032,2299,1254,2299,1254,2376,1032,2376,ZIGZAG
516,2385,554,2385,554,2453,516,2453,1
580,2385,836,2385,836,2457,580,2457,PIRATES
857,2385,1152,2385,1152,2461,857,2461,TREASURE
1557,2393,1787,2393,1787,2474,1557,2474,75,000
678,2470,866,2470,866,2547,678,2547,BILLY
891,2470,1079,2470,1079,2547,891,2547,BROWN
1100,2474,1288,2474,1288,2551,1100,2551,SMALL
571,2645,793,2645,793,2717,571,2717,SUBTTL
1532,2653,1789,2658,1787,2739,1530,2733,150,000
572,2729,833,2736,831,2810,570,2802,Service
850,2731,1077,2741,1074,2814,847,2805,Charge
1565,2743,1787,2743,1787,2824,1565,2824,12,000
571,2820,691,2820,691,2892,571,2892,TAX
1565,2833,1787,2833,1787,2909,1565,2909,16,200
542,2550,829,2557,827,2637,540,2630,KIDS
891,2560,1177,2560,1177,2636,891,2636,MEAL
1425,2564,1681,2564,1681,2645,1425,2645,150,000
576,2990,925,2990,925,3067,576,3067,TOTAL
1288,2999,1779,2999,1779,3080,1288,3080,178,200
