602,2176,658,2177,659,2253,601,2264,1
328,2071,511,2069,511,2153,327,2152,THAI
535,2072,705,2065,705,2159,534,2158,ICED
732,2068,861,2063,867,2158,734,2162,TEA
882,2073,1024,2072,1026,2173,886,2175,(L)
1037,2171,1302,2163,1301,2272,1040,2279,16,363
1569,2178,1824,2166,1831,2280,1570,2287,16,363
308,2493,449,2491,456,2576,309,2580,Sub
475,2488,691,2487,699,2574,471,2582,Total
1581,2485,1832,2484,1834,2580,1581,2589,16,363
288,2602,521,2605,525,2706,293,2706,Pajak
543,2597,766,2599,771,2684,542,2695,Resto
1613,2591,1827,2593,1833,2687,1610,2687,1,636
300,2714,516,2714,516,2797,300,2797,Grand
546,2708,760,2705,764,2797,545,2802,Total
1582,2696,1829,2691,1832,2789,1581,2802,17,999
302,2385,570,2384,575,2475,302,2476,Jumlah
601,2387,774,2392,773,2472,598,2473,Item
1303,2385,1355,2383,1359,2468,1305,2471,1
