112,512,132,512,132,546,112,546,1
148,512,288,512,288,546,148,546,WARISAN
302,514,324,514,324,548,302,548,2
338,514,418,514,418,548,338,548,FREE
432,514,528,514,528,548,432,548,DRINK
702,520,810,520,810,558,702,558,63,000
106,550,128,550,128,584,106,584,1
146,550,286,550,286,586,146,586,WARISAN
302,552,324,552,324,584,302,584,2
340,552,418,552,418,586,340,586,FREE
434,552,528,552,528,586,434,586,DRINK
704,556,812,556,812,594,704,594,63,000
144,822,336,822,336,860,144,860,TOTAL
573,817,817,810,818,854,574,860,138,600
138,902,224,902,224,940,138,940,CASH
698,892,827,885,829,926,700,933,150,000
140,942,263,948,261,983,138,977,Change
718,930,829,925,831,966,720,971,11,400
142,704,302,704,302,740,142,740,SUBTOTAL
688,702,810,702,810,742,688,742,126,000
140,744,204,744,204,780,140,780,PB1
222,742,284,742,284,780,222,780,10%
708,740,814,740,814,778,708,778,12,600
