66,1192,138,1192,138,1228,66,1228,Take
149,1189,226,1201,220,1238,144,1226,Away
232,1193,320,1196,319,1230,231,1227,Total
672,1200,778,1200,778,1238,672,1238,45,000
72,854,128,854,128,890,72,890,KCS
140,856,158,856,158,890,140,890,1
666,860,772,860,772,900,666,900,25,000
76,899,145,902,143,938,74,935,WHOP
158,902,196,902,196,938,158,938,JR
208,902,262,902,262,938,208,938,15K
670,908,774,908,774,946,670,946,15,000
70,950,174,950,174,986,70,986,CHANGE
186,950,224,950,224,986,186,986,TO
236,952,358,952,358,988,236,988,CHICKEN
368,954,424,954,424,990,368,990,BOX
716,956,772,956,772,992,716,992,909
70,1044,206,1048,205,1082,69,1079,Subtotal
672,1052,776,1052,776,1092,672,1092,40,909
64,1092,120,1092,120,1130,64,1130,PB1
136,1094,218,1094,218,1130,136,1130,(10%)
684,1102,772,1102,772,1140,684,1140,4,091
