18,386,135,386,135,414,18,414,1013-ROTI
144,388,212,388,212,412,144,412,NANAS
118,418,222,418,222,446,118,446,8.500,00
262,422,290,422,290,444,262,444,x1
380,422,484,422,484,450,380,450,8.500,00
16,452,136,452,136,478,16,478,3025-BOLU
142,450,222,450,222,476,142,476,GULUNG
228,450,292,450,292,476,228,476,MOCCA
298,452,338,452,338,478,298,478,PTG
115,482,219,479,220,507,116,509,6.000.00
260,482,288,482,288,506,260,506,x1
380,482,482,486,481,515,379,512,6.000,00
13,516,159,513,160,541,14,544,5014-LEMPER
166,514,220,514,220,540,166,540,IKAN
113,546,217,543,218,572,114,576,6.500,00
258,546,288,546,288,570,258,570,x1
378,545,483,550,481,579,376,574,6.500,00
13,582,169,576,171,604,14,611,1245-PLASTIK
178,576,290,576,290,602,178,602,TENTENGAN
296,574,360,577,359,604,295,601,KECIL
162,608,218,608,218,638,162,638,0,00
258,608,286,608,286,632,258,632,x1
426,612,482,612,482,642,426,642,0,00
10,746,89,740,91,766,12,773,Total.
340,731,455,739,453,769,338,761,21.000,00
10,778,67,775,69,799,12,802,Cash
10,810,125,802,127,826,12,834,Tendered:
384,795,502,805,499,835,382,826,50.000,00
12,840,104,840,104,862,12,862,Change:
386,824,502,837,499,867,383,853,29.000,00
10,682,79,676,81,703,12,709,Total
88,676,152,676,152,702,88,702,Item:
270,672,286,672,286,694,270,694,4
