54,700,76,700,76,738,54,738,1
137,697,262,713,257,754,132,738,Happy
270,699,355,703,353,741,268,737,Rice
364,704,434,704,434,740,364,740,Box
674,706,814,706,814,750,674,750,41,000
52,744,72,744,72,782,52,782,1
136,766,152,766,152,776,136,776,-
157,745,263,745,263,785,157,785,Tidak
274,744,388,744,388,784,274,784,Pedas
790,754,818,754,818,794,790,794,0
45,866,145,863,146,901,46,903,Total
676,873,816,877,815,922,674,918,41,000
45,901,125,911,120,954,40,944,Pay
130,904,233,898,235,940,132,945,Cash
248,898,396,898,396,942,248,942,100,000
517,909,658,927,653,966,512,949,Change
676,921,809,926,807,967,674,962,59,000
44,822,200,822,200,864,44,864,ITEMS:
202,824,224,824,224,862,202,862,1
