96,142,179,140,179,163,96,165,escargot
180,136,272,136,272,157,180,160,florentine
29,142,71,142,71,160,29,162,0001
97,170,106,171,106,194,96,193,1
130,172,191,169,193,194,132,197,32,000
388,160,448,160,449,187,388,188,32.000
96,203,156,203,156,226,95,227,Zurich
164,203,272,203,272,224,163,227,Geschnitzel
29,208,72,208,72,231,29,231,0045
96,241,106,241,106,264,96,264,1
130,240,192,240,192,264,130,264,82,000
384,232,448,232,448,256,384,256,82.000
94,274,200,274,200,296,94,296,Valdostana
25,275,74,275,76,298,26,298,0050
96,312,110,312,110,333,96,333,3
132,308,192,308,193,332,131,332,59,000
376,301,448,301,448,325,376,325,177.000
96,344,170,344,170,366,96,366,Chicken
176,344,222,343,223,364,176,366,Herb
224,341,278,341,278,363,224,363,Crust
27,344,72,344,72,368,27,368,0056
97,376,106,376,106,400,97,400,1
132,378,192,377,192,401,132,401,52,000
388,371,448,371,449,394,387,394,52.000
96,413,177,413,176,436,95,436,Lasagna
175,408,202,408,204,433,176,434,Di
206,408,264,408,264,432,205,434,Carne
27,413,74,413,73,434,26,435,0079
96,448,107,448,107,470,96,470,1
133,444,195,443,195,469,133,471,54,000
384,438,452,436,451,462,384,463,54.000
96,480,161,480,161,504,96,504,Lemon
161,480,186,479,186,501,161,501,Jc
28,483,72,483,72,504,28,504,0134
96,512,109,512,110,539,96,540,1
133,514,194,513,195,539,133,540,25,000
388,504,454,504,454,528,386,530,25.000
96,551,157,551,158,575,95,576,Apple
158,549,190,549,192,568,157,568,Pie
97,584,110,584,110,608,97,608,1
134,584,194,584,195,607,133,609,25,000
392,576,455,576,455,600,392,600,25.000
96,621,132,620,133,642,94,641,hot
133,621,167,621,167,640,133,640,tea
97,656,108,655,110,677,96,676,1
133,650,196,651,197,679,133,678,12,000
392,640,452,639,454,668,390,668,12.000
94,691,131,690,133,712,94,712,hot
134,687,190,688,191,710,135,710,lemon
191,688,225,687,227,709,191,709,tea
96,727,110,727,110,745,96,746,1
131,722,196,720,197,747,131,748,22,000
390,713,453,714,454,736,389,736,22.000
26,771,68,771,69,792,26,792,Sub
71,768,123,766,126,791,71,792,Total
379,757,450,757,452,782,379,782,481,000
31,805,109,804,109,824,29,826,Services
390,792,450,790,450,815,390,815,24,050
31,836,69,836,69,861,31,861,Tax
385,825,448,825,448,848,386,850,48,100
375,864,444,864,443,884,375,884,553,200
