110,1020,172,1020,172,1052,110,1052,Dine
180,1022,212,1022,212,1052,180,1052,In
218,1023,287,1026,285,1058,217,1055,Total
608,1014,700,1014,700,1052,608,1052,54,000
106,1106,168,1106,168,1136,106,1136,Cash
553,1102,705,1098,706,1136,554,1140,Rp. 100,000
102,1188,196,1198,192,1230,99,1221,Change
618,1190,714,1190,714,1228,618,1228,46,000
120,820,191,826,189,856,118,851,Kupon
196,820,226,820,226,852,196,852,13
596,812,684,812,684,846,596,846,49,091
116,899,224,901,223,932,115,929,Subtotal
602,892,690,892,690,928,602,928,49,091
114,940,160,940,160,970,114,970,PB1
170,940,234,940,234,972,170,972,(10%)
618,932,694,932,694,970,618,970,4,909
