977,2122,1312,2093,1319,2168,983,2197,SubTotal:
1623,2069,1863,2059,1867,2148,1626,2158,10,455
1158,2202,1321,2196,1324,2273,1161,2279,PB1:
1662,2177,1870,2158,1878,2246,1670,2264,1,046
422,1941,469,1941,469,2009,422,2009,1
537,1941,738,1941,738,2009,537,2009,Choco
759,1937,998,1937,998,2005,759,2005,Peanut
1638,1878,1883,1855,1891,1938,1646,1962,10,455
959,2416,1256,2402,1263,2551,966,2565,Total:
1613,2381,1917,2368,1924,2539,1620,2551,11,500
1194,2595,1397,2580,1403,2657,1199,2672,cash:
1708,2567,1956,2554,1962,2649,1713,2662,50,000
1084,2698,1366,2705,1364,2784,1082,2778,Change:
1678,2676,1927,2663,1932,2758,1682,2771,38,500
