404,1513,442,1513,442,1567,404,1567,1
459,1502,625,1502,625,1560,459,1560,HOLDAK
639,1502,731,1502,731,1560,639,1560,SET
748,1502,785,1502,785,1560,748,1560,1
1275,1485,1472,1485,1472,1543,1275,1543,38.636
411,1570,442,1570,442,1618,411,1618,1
460,1558,604,1568,601,1620,456,1610,Pedas
615,1564,656,1564,656,1618,615,1618,2
462,1670,684,1674,683,1731,461,1727,SUBTOTAL
1285,1666,1475,1666,1475,1723,1285,1723,38.636
462,1734,554,1734,554,1785,462,1785,TAX
567,1730,656,1730,656,1785,567,1785,10%
1311,1729,1478,1724,1480,1781,1312,1785,3,864
462,1838,728,1842,727,1904,461,1900,TOTAL
1104,1846,1471,1840,1473,1907,1105,1913,42,500
462,1955,584,1955,584,2009,462,2009,CASH
1292,1961,1485,1961,1485,2019,1292,2019,50.000
466,2009,635,2022,631,2076,462,2062,Change
1319,2023,1485,2023,1485,2080,1319,2080,7,500
