108,830,174,830,174,862,108,862,NASI
182,832,264,832,264,862,182,862,PUTIH
398,834,418,834,418,864,398,864,1
440,834,522,834,522,866,440,866,6,000
602,838,684,838,684,872,602,872,6.000
110,872,176,872,176,904,110,904,BASO
184,874,250,874,250,904,184,904,KUAH
398,876,418,876,418,906,398,906,1
426,876,520,876,520,910,426,910,43,636
588,879,684,882,683,914,587,911,43,636
110,914,186,914,186,946,110,946,TOTAL
590,921,686,925,685,958,588,955,49,636
108,998,158,998,158,1030,108,1030,TAX
166,998,244,1001,243,1034,165,1031,10.00
250,1002,272,1002,272,1034,250,1034,%
604,1010,686,1010,686,1042,604,1042,4,964
104,1042,184,1042,184,1072,104,1072,GRAND
192,1044,270,1044,270,1076,192,1076,TOTAL
588,1050,684,1053,683,1086,587,1083,54,600
106,1084,182,1084,182,1114,106,1114,TUNAI
588,1092,686,1095,685,1129,587,1125,54.600
102,1123,210,1126,209,1158,101,1155,KEMBALI
660,1140,682,1140,682,1168,660,1168,0
