235,978,285,978,285,1014,235,1014,Pb1
308,983,358,983,358,1020,308,1020,10%
642,1004,738,1004,738,1047,642,1047,7,000
120,633,133,633,133,664,120,664,1
151,632,269,631,270,666,151,666,PREMIUM
283,634,353,635,355,670,284,668,MILK
370,638,421,638,421,670,370,670,PAN
438,638,525,638,525,673,438,673,BREAD
639,640,745,640,745,680,639,680,18,000
124,673,136,673,136,703,124,703,1
155,671,336,675,337,710,155,709,CREAMCHEESE
353,678,457,680,455,714,353,714,WALNUT
472,679,563,683,562,718,472,716,BREAD
631,686,743,688,743,727,631,724,34,000
124,713,136,713,137,745,124,745,1
153,714,270,715,269,749,153,748,ROLL-IT
281,718,369,719,369,753,281,752,PIZZA
384,720,470,720,470,755,384,755,BREAD
630,730,743,732,743,770,630,768,25,000
148,798,317,802,315,868,147,861,TOTAL
520,811,741,813,737,892,520,885,77,000
145,862,212,862,212,898,145,898,CASH
611,883,741,883,741,926,611,926,100,000
140,907,343,914,339,979,134,969,CHANGE
515,927,735,927,735,1003,515,1003,23,000
