66,426,111,426,111,448,66,448,6001
113,426,197,426,197,448,113,448,-Plastic
204,423,237,424,238,451,204,449,Big
246,424,298,424,298,446,246,446,Small
194,454,237,454,237,478,194,478,0,00
274,452,298,452,298,474,274,474,x1
416,450,464,450,464,476,416,476,0,00
66,482,112,482,112,504,66,504,5003
113,480,217,480,217,504,112,503,-Chokoreto
224,479,299,478,299,501,224,501,Cookies
140,506,240,506,240,534,140,534,62.000,00
276,506,300,506,300,526,276,526,x1
365,504,465,504,465,530,365,530,62.000,00
64,536,111,535,112,559,64,560,5001
111,537,166,536,168,560,112,560,-Corn
172,534,242,534,242,556,172,556,Flakes
242,532,320,532,320,556,242,556,Cookies
140,560,240,560,240,586,140,586,56.000,00
274,560,300,560,300,582,274,582,x1
366,558,468,558,468,584,366,584,56.000,00
64,622,122,622,122,646,64,646,Total
130,620,186,620,186,644,130,644,Item:
284,614,300,614,300,636,284,636,3
64,680,132,680,132,704,64,704,Total.
338,668,448,668,448,696,338,696,118.000,00
62,736,122,736,122,760,62,760,Debet
128,734,176,734,176,758,128,758,Card
380,726,492,726,492,752,380,752,118.000,00
