81,682,204,698,202,751,75,733,TOTAL
309,699,513,713,508,782,304,769,196,001
210,585,321,590,319,620,209,615,SUBTOTAL
412,597,517,603,515,638,410,631,178,183
272,628,318,628,318,656,272,656,TAX
424,638,514,638,514,672,424,672,17,818
102,286,176,286,176,312,102,312,PHILLY
181,283,323,279,324,307,182,311,CHEESESTEAK
334,280,362,280,362,306,334,306,SL
80,290,94,290,94,312,80,312,1
424,273,511,277,509,310,422,306,35,455
102,318,186,318,186,345,101,346,SAUSAGE
191,318,271,315,272,342,192,345,PASTRY
280,314,336,314,338,342,279,344,ROLL
80,324,94,324,94,346,80,346,1
424,312,506,312,506,342,424,342,29,091
100,350,174,350,174,378,100,378,CREAMY
182,350,234,350,234,376,181,377,BEEF
244,350,286,350,286,376,244,376,CLS
294,348,341,345,339,379,294,376,FTC
79,355,94,353,93,376,79,377,1
426,346,512,346,512,378,426,378,42,727
102,384,154,384,154,408,101,409,AQUA
160,382,236,382,238,411,160,410,BOTTLE
78,384,93,384,93,409,78,409,1
424,382,514,379,514,413,424,416,10,909
102,414,178,414,178,442,102,442,LIPTON
186,416,226,416,226,442,186,442,ICE
234,416,276,416,276,442,234,442,TEA
284,416,364,416,364,444,284,444,REGULA
76,416,95,415,96,441,76,440,2
426,418,516,418,516,452,426,452,32,728
98,448,162,448,162,474,98,474,PAKET
170,448,236,449,234,476,170,476,HAPPY
242,450,298,450,298,478,242,478,HOUR
77,448,90,450,90,472,75,474,1
424,456,516,456,516,488,424,488,27,273
124,484,136,484,136,506,124,506,1
144,480,284,484,283,512,143,508,GARLICHEESE
294,486,364,485,362,516,294,514,BREAD
120,516,132,514,132,540,120,540,1
140,514,196,514,194,542,140,542,COLD
202,516,268,516,269,547,202,544,FRAPE
