177,1169,259,1166,260,1201,178,1204,TOTAL:
554,1156,638,1156,638,1192,554,1192,60,523
178,1268,236,1268,236,1294,178,1294,MFGA
243,1266,341,1263,342,1293,244,1296,OFFLINE
348,1264,404,1264,404,1294,348,1294,EFT:
556,1254,640,1254,640,1288,556,1288,60,523
160,412,190,412,190,442,160,442,1X
196,410,262,410,262,442,196,442,5,000
158,454,188,454,188,486,158,486,CF
196,454,250,454,250,486,196,486,NASI
256,452,322,452,322,484,256,484,PUTIH
546,440,615,437,617,471,548,474,5,000
158,498,214,498,214,530,158,530,MEGA
219,498,323,495,324,528,220,530,Discount
574,486,628,486,628,518,574,518,250 -
174,1069,297,1063,299,1099,176,1104,SUBTOTAL:
551,1056,635,1053,636,1088,552,1091,60,523
158,546,188,546,188,576,158,576,1X
196,546,264,546,264,576,196,576,5,000
156,590,186,590,186,622,156,622,CF
194,590,250,590,250,620,194,620,NASI
258,588,324,588,324,620,258,620,PUTIH
550,578,620,578,620,612,550,612,5,000
156,636,212,636,212,668,156,668,MEGA
219,634,325,631,326,664,220,666,Discount
576,626,632,626,632,656,576,656,250-
156,682,186,682,186,714,156,714,1X
196,680,276,680,276,714,196,714,15,000
154,730,186,730,186,762,154,762,CF
194,728,238,728,238,760,194,760,BBQ
244,726,300,726,300,758,244,758,CHKN
306,724,362,724,362,756,306,756,WING
544,718,624,718,624,752,544,752,15,000
154,776,238,776,238,810,154,810,0.354X
243,774,325,771,327,805,244,808,73,500
151,824,237,821,238,855,152,859,FILLET
242,822,299,819,301,851,244,854,DORI
544,812,626,812,626,846,544,846,26,019
152,872,210,872,210,908,152,908,MEGA
216,870,325,865,327,899,218,904,Discount
558,859,637,855,639,890,560,894,1,301 -
154,924,184,924,184,956,154,956,1X
192,921,275,917,277,951,194,955,11,900
148,972,247,965,250,1000,150,1007,KERUPUK
254,966,337,962,339,997,256,1001,KERING
549,956,631,953,632,989,550,991,11,900
150,1020,210,1020,210,1054,150,1054,MEGA
215,1018,325,1013,327,1046,216,1051,Discount
588,1004,646,1004,646,1038,588,1038,595-
