196,566,214,566,214,586,196,586,x
124,852,191,849,193,879,126,883,TOTAL
196,847,263,844,264,875,198,878,SALES
678,844,756,844,756,874,678,874,31,000
124,896,191,892,193,923,126,927,TOTAL
198,890,263,887,265,918,200,921,ITEMS
738,890,756,890,756,918,738,918,1
124,939,215,933,217,963,126,969,VOUCHER
220,932,389,918,391,949,222,963,450J0000259075
680,930,760,930,760,962,680,962,20,000
126,980,182,980,182,1010,126,1010,CASH
680,972,760,972,760,1004,680,1004,15,000
126,1024,203,1018,205,1048,128,1054,CHANGE
694,1016,760,1016,760,1046,694,1046,4,000
126,766,168,766,168,796,126,796,SUB
176,764,238,764,238,794,176,794,TOTAL
676,758,754,758,754,788,676,788,31,000
172,560,188,560,188,586,172,586,1
220,558,304,558,304,586,220,586,STBERRY
310,556,338,556,338,584,310,584,MT
344,556,382,556,382,588,344,588,(L)
388,554,472,554,472,584,388,584,TOPPING
669,551,747,548,748,579,670,583,27,000
220,598,306,598,306,626,220,626,PUDDING
312,596,372,596,372,628,312,628,(L)
682,592,748,592,748,622,682,622,4,000
222,638,262,638,262,668,222,668,ICE
266,638,318,638,318,666,266,666,LESS
730,634,748,634,748,660,730,660,0
220,678,284,678,284,708,220,708,SUGAR
290,676,342,676,342,706,290,706,LESS
732,674,748,674,748,702,732,702,0
