49,584,168,587,164,630,48,629,Astor
178,584,294,586,293,630,177,631,Stick
307,582,462,584,461,630,307,630,Cokelat
473,582,566,584,562,639,473,634,40gr
90,642,112,641,112,684,90,683,1
173,637,296,638,297,693,174,692,8,000
789,634,910,637,913,687,787,691,8,000
40,704,161,706,160,749,41,751,green
174,697,246,698,248,742,170,739,tea
84,754,107,755,108,797,85,797,1
170,749,296,751,296,804,172,806,8,500
791,748,911,746,912,803,791,803,8,500
35,862,262,864,262,916,36,915,TOTAL
643,856,912,856,908,913,644,920,16,500
28,922,126,924,125,972,24,973,CASH
780,916,912,914,917,969,782,974,50,000
24,984,168,984,165,1036,21,1034,CHANGE
777,972,925,968,938,1028,782,1034,33,500
