47,414,99,414,99,433,46,435,TORI
102,412,176,409,176,429,103,432,BAITAN
180,409,238,408,239,427,181,429,UDON
424,399,491,396,493,416,426,419,43,636
371,401,386,400,388,420,371,421,1
185,640,259,637,260,661,186,662,GRAND
260,637,328,636,330,657,262,659,TOTAL
367,649,497,645,500,677,367,682,125,000
152,664,229,662,230,685,154,687,~CASH
240,660,322,657,323,680,240,685,125,000
347,770,419,770,421,796,347,796,Change:
415,768,467,766,470,789,419,794,5,000
191,556,242,556,242,576,192,577,SUB.
245,555,316,555,316,576,245,576,TOTAL
408,547,489,546,491,569,408,569,113,636
136,582,268,578,268,603,135,610,RESTAURANT
271,579,314,575,316,598,271,602,TAX
422,573,489,568,491,594,422,597,11,364
47,434,98,433,99,453,47,455,BEEF
100,433,169,430,170,450,100,453,CURRY
172,430,221,427,221,448,172,451,RICE
426,418,494,417,496,438,424,438,49,091
372,421,386,420,389,441,374,442,1
46,454,108,454,107,474,45,475,INARI
427,440,496,437,498,458,429,460,10,000
373,442,386,441,389,461,375,462,1
45,476,105,474,105,495,47,497,COLD
109,472,166,471,167,492,107,494,OCHA
429,459,496,456,498,478,429,482,10,909
373,462,390,461,391,481,375,482,1
