503,2090,533,2090,533,2146,503,2146,1
708,2082,900,2082,900,2146,708,2146,SALMON
917,2077,1083,2077,1083,2141,917,2141,PESTO
1467,2073,1664,2073,1664,2141,1467,2141,85,500
503,2167,533,2167,533,2222,503,2222,1
708,2158,930,2158,930,2222,708,2222,GRILLED
947,2154,1143,2154,1143,2218,947,2218,SALMON
1164,2154,1386,2154,1386,2218,1164,2218,TERIYAK
1442,2154,1664,2154,1664,2218,1442,2218,177,000
507,2244,533,2244,533,2295,507,2295,1
708,2231,930,2231,930,2299,708,2299,MINERAL
951,2231,1113,2231,1113,2295,951,2295,WATER
1467,2227,1668,2227,1668,2295,1467,2295,23,000
512,2316,537,2316,537,2368,512,2368,1
712,2308,874,2308,874,2368,712,2368,FRESH
891,2308,1053,2308,1053,2372,891,2372,FRUIT
1075,2304,1326,2304,1326,2372,1075,2372,COCKTAIL
1472,2304,1668,2304,1668,2372,1472,2372,65,000
631,2378,816,2383,814,2445,629,2440,SUBTTL
1440,2385,1667,2376,1670,2444,1442,2452,350,500
631,2453,733,2453,733,2513,631,2513,SVC
750,2453,849,2453,849,2517,750,2517,CHG
866,2457,934,2457,934,2521,866,2521,6%
1472,2457,1668,2457,1668,2525,1472,2525,21,030
631,2525,725,2525,725,2589,631,2589,PB1
755,2530,849,2530,849,2589,755,2589,10%
1472,2534,1672,2534,1672,2598,1472,2598,37,153
635,2675,797,2675,797,2739,635,2739,TOTAL
964,2681,1187,2688,1185,2755,962,2748,408,683
