296,786,388,786,388,810,296,810,GRAND
391,784,475,782,476,807,392,810,TOTAL
552,806,684,806,684,842,552,842,54,000
268,812,362,812,362,838,268,838,~ CASH
366,810,476,810,476,840,366,840,[54,000]
490,953,587,959,585,988,488,981,Change:
582,954,662,954,662,984,582,984,46,000
312,686,372,686,372,710,312,710,SUB.
376,686,458,686,458,710,376,710,TOTAL
590,688,674,688,674,712,590,712,49,091
240,716,402,716,402,742,240,742,RESTAURANT
406,716,459,713,461,740,408,743,TAX
606,716,678,716,678,742,606,742,4,909
132,578,198,578,198,602,132,602,NIKU
204,580,278,580,278,604,204,604,UDON
540,586,556,586,556,606,540,606,1
606,586,686,586,686,610,606,610,49,091
