130,428,152,428,152,458,130,458,1
164,427,258,430,257,462,163,459,Fruit
270,429,444,434,443,467,269,462,Compliment
167,634,357,632,358,665,168,668,ITEMS TOTAL
656,641,784,644,783,680,655,676,457,000
168,810,224,810,224,844,168,844,Tax
668,803,777,809,775,845,666,839,48,442
164,776,290,776,290,808,164,808,Service
668,772,776,776,775,808,667,805,27,420
167,669,259,669,259,701,167,701,LUCKY
272,668,328,668,328,700,272,700,BCA
338,668,394,668,394,700,338,700,20%
658,673,781,679,779,716,656,710,78,400)
164,880,311,873,313,907,166,914,Subtotal
322,874,458,874,458,904,322,904,Beverage
666,871,776,875,775,910,664,906,20,000
162,916,305,908,307,940,164,949,Subtotal
317,908,439,898,441,931,320,941,Dessert
666,903,775,909,773,943,664,937,45,000
164,951,311,942,313,975,166,985,Subtotal
317,942,393,936,395,967,320,973,Food
650,935,775,940,773,975,648,970,313,600
167,739,309,735,310,770,168,773,SUBTOTAL
652,739,778,742,777,777,651,775,378,600
132,460,152,460,152,494,132,494,1
169,458,263,472,258,506,164,492,Udang
270,464,395,472,393,505,268,498,Mentega
409,461,467,476,459,511,400,497,Sdg
476,472,512,472,512,506,476,506,(M
656,474,778,474,778,508,656,508,162,000
128,496,152,496,152,528,128,528,2
166,496,290,501,289,532,165,527,Chinese
302,499,492,502,491,535,301,531,Tea-Jasmine
664,508,778,508,778,542,664,542,20,000
132,532,154,532,154,564,132,564,5
168,532,277,537,275,568,166,563,Buruno
288,534,326,534,326,566,288,566,Gr
340,534,378,534,378,564,340,564,IN
658,539,782,542,781,577,657,574,230,000
130,566,152,566,152,598,130,598,5
164,568,238,568,238,600,164,600,Nasi
252,568,344,568,344,598,252,598,Putih
672,573,782,576,781,613,671,611,45,000
534,999,772,1005,771,1041,533,1035,454,462
165,1023,332,1003,337,1040,169,1060,TOTAL
165,1094,223,1088,226,1121,168,1127,BCA
234,1084,309,1078,311,1113,236,1119,CARD
649,1067,776,1079,772,1113,646,1102,454,462
