45,651,125,648,126,673,46,677,Coffee
125,648,231,643,232,669,126,674,Rocksalt
234,642,276,642,276,676,234,676,[R]
632,630,648,630,648,656,632,656,1
714,625,817,620,818,653,716,658,28,000
71,690,151,687,152,713,72,716,PEARL
638,678,650,678,650,704,638,704,1
734,672,820,672,820,704,734,704,4,000
42,734,108,734,108,762,42,762,ICED
111,730,343,727,344,757,112,760,NUTELLA LATTE
348,726,392,726,392,762,348,762,[R]
640,726,652,726,652,752,640,752,1
720,720,822,720,822,754,720,754,30,000
68,778,150,778,150,804,68,804,PEARL
640,774,656,774,656,802,640,802,1
740,770,826,770,826,804,740,804,4,000
38,822,106,822,106,850,38,850,ICED
110,822,320,822,320,852,110,852,MOCHA LATTE
324,820,370,820,370,856,324,856,[R]
642,822,658,822,658,850,642,850,1
726,820,828,820,828,854,726,854,30,000
66,868,148,868,148,894,66,894,PEARL
646,872,660,872,660,898,646,898,1
744,868,830,868,830,902,744,902,4,000
36,916,100,916,100,946,36,946,Total
683,922,825,919,826,958,684,961,100,000
94,976,174,976,174,1004,94,1004,JOOX
718,980,830,980,830,1012,718,1012,100,000
