230,805,358,809,357,842,229,838,SUBTOTAL
664,821,779,827,777,862,662,855,320,000
228,838,264,838,264,868,228,868,SC
274,840,310,840,310,870,274,870,7%
678,853,778,858,777,891,676,886,22,400
228,868,280,868,280,900,228,900,TAX
290,870,340,870,340,900,290,900,10%
678,883,777,889,775,924,676,918,34,240
226,927,378,932,377,965,225,960,TOTAL
558,938,771,948,769,982,556,972,376,640
222,962,302,962,302,994,222,994,Total
312,964,378,964,378,994,312,994,item
404,964,424,964,424,996,404,996,7
568,969,649,974,647,1004,566,999,Total
660,974,710,980,706,1013,656,1008,Qty
722,980,772,980,772,1010,722,1010,:10
212,568,230,568,230,596,212,596,1
242,566,352,570,351,602,241,598,M02.LMK
362,572,424,572,424,602,362,602,BEEF
434,573,530,577,529,607,433,603,RNDANG
686,581,786,584,785,619,685,616,55,800
210,598,228,598,228,626,210,626,1
242,596,468,604,467,635,241,627,I13.SIMANGOSONG
686,614,784,614,784,646,686,646,52,800
210,628,228,628,228,656,210,656,1
240,626,334,629,333,660,239,657,101.NS
344,632,424,632,424,664,344,664,BEBEK
432,633,542,636,541,668,431,665,KAMPUNG
686,644,784,644,784,676,686,676,52,800
208,658,226,658,226,686,208,686,1
236,656,346,659,345,690,235,687,A13.MIE
356,662,404,662,404,692,356,692,ACP
684,674,782,674,782,706,684,706,40,800
206,688,228,688,228,716,206,716,2
236,686,362,690,361,722,235,718,CT06.TEA
370,692,390,692,390,720,370,720,0
400,692,450,692,450,724,400,724,HOT
460,694,494,694,494,724,460,724,R.
684,704,782,704,782,736,684,736,27,600
204,718,224,718,224,746,204,746,3
234,716,360,720,359,751,233,747,CT06.TEA
368,722,390,722,390,752,368,752,0
398,724,448,724,448,754,398,754,ICE
458,726,490,726,490,754,458,754,R.
682,734,780,734,780,768,682,768,44,400
204,748,224,748,224,776,204,776,1
234,746,374,750,373,782,233,777,NO1.MR.MI
384,752,434,752,434,784,384,784,TLR
442,754,508,754,508,786,442,786,ASIN
682,763,781,767,779,802,680,798,45,800
