306,920,388,920,388,954,306,954,SUB.
394,920,504,920,504,952,394,952,TOTAL
690,920,808,920,808,954,690,954,22,727
211,964,431,959,432,997,212,1003,RESTAURANT
438,962,508,962,508,996,438,996,TAX
712,962,810,962,810,996,712,996,2,273
614,736,636,736,636,764,614,764,1
68,738,220,738,220,770,68,770,CHICKEN
230,738,338,738,338,770,230,770,KATSU
705,734,819,731,820,764,706,766,12,727
292,1064,413,1059,414,1093,294,1098,GRAND
422,1060,534,1060,534,1092,422,1092,TOTAL
630,1092,812,1092,812,1140,630,1140,25,000
257,1103,379,1098,381,1133,258,1138,~ CASH
387,1097,531,1095,532,1135,388,1138,[25,000]
616,772,638,772,638,800,616,800,1
66,776,152,776,152,808,66,808,TORI
159,776,249,773,250,805,160,808,NASU
257,773,385,770,386,803,258,806,HASAMI
394,772,464,772,464,802,394,802,AGE
710,770,824,770,824,802,710,802,10,000
