562,3008,887,3001,888,3074,563,3081,TOTAL
1403,2995,1608,2995,1608,3067,1403,3067,55,500
558,3084,823,3084,823,3157,558,3157,CASH
1378,3076,1612,3076,1612,3153,1378,3153,100,000
553,3170,955,3160,956,3235,555,3245,CHANGE
1408,3157,1612,3157,1612,3234,1408,3234,44,500
886,2845,1245,2834,1247,2908,888,2919,11.00xITEMs
554,2926,832,2926,832,2999,554,2999,SUBTOTAL
1403,2914,1604,2914,1604,2990,1403,2990,55,500
558,1309,631,1309,631,1373,558,1373,2X
558,1386,699,1386,699,1450,558,1450,NASI
716,1386,930,1386,930,1454,716,1454,KUNING
1036,1314,1233,1314,1233,1382,1036,1382,@36500
1378,1390,1582,1390,1582,1463,1378,1463,73,000
558,1459,695,1459,695,1523,558,1523,DISC
721,1463,857,1463,857,1527,721,1527,ITEM
1318,1467,1582,1467,1582,1535,1318,1535,-40.000%
554,1531,759,1531,759,1600,554,1600,AMOUNT
1348,1544,1582,1544,1582,1612,1348,1612,-29,200
554,1608,631,1608,631,1676,554,1676,3X
554,1685,955,1685,955,1753,554,1753,CENTIKPLANCI
1041,1612,1207,1612,1207,1681,1041,1681,@6500
1390,1693,1582,1693,1582,1762,1390,1762,19,500
554,1762,695,1762,695,1830,554,1830,DISC
716,1762,857,1762,857,1830,716,1830,ITEM
1322,1766,1587,1766,1587,1834,1322,1834,-40.000%
554,1838,763,1838,763,1902,554,1902,AMOUNT
1386,1843,1587,1843,1587,1911,1386,1911,-7,800
563,1915,631,1915,631,1984,563,1984,1X
554,1992,695,1992,695,2060,554,2060,MIKA
716,1992,891,1992,891,2060,716,2060,KECIL
1041,1915,1113,1915,1113,1979,1041,1979,@0
1548,1992,1591,1992,1591,2056,1548,2056,0
558,2069,631,2069,631,2137,558,2137,1X
550,2146,789,2146,789,2218,550,2218,PLASTIK
814,2146,1019,2146,1019,2214,814,2214,SEDANG
1041,2069,1117,2069,1117,2137,1041,2137,@0
1553,2146,1595,2146,1595,2210,1553,2210,0
558,2227,631,2227,631,2295,558,2295,1X
554,2299,759,2299,759,2372,554,2372,SENDOK
780,2299,955,2299,955,2368,780,2368,MAKAN
1045,2227,1117,2227,1117,2291,1045,2291,@ 0
1553,2299,1595,2299,1595,2359,1553,2359,0
558,2380,631,2380,631,2449,558,2449,1X
554,2457,759,2457,759,2530,554,2530,SENDOK
780,2457,955,2457,955,2525,780,2525,MAKAN
1045,2380,1117,2380,1117,2449,1045,2449,@0
1553,2453,1595,2453,1595,2513,1553,2513,0
558,2538,631,2538,631,2606,558,2606,1X
554,2615,729,2615,729,2683,554,2683,GARPU
1045,2534,1117,2534,1117,2598,1045,2598,@ 0
1553,2602,1595,2602,1595,2666,1553,2666,0
563,2696,631,2696,631,2764,563,2764,1X
554,2773,729,2773,729,2841,554,2841,GARPU
1045,2688,1117,2688,1117,2756,1045,2756,@0
1557,2760,1600,2760,1600,2824,1557,2824,0
