281,750,481,747,482,791,282,793,2.00xITEMS
122,440,304,440,304,482,122,482,VANDOOLEN
535,438,639,438,639,482,535,482,8,182
126,544,286,544,286,586,126,586,SUBTOTAL
534,542,636,542,636,586,534,586,8,182
134,596,196,596,196,636,134,636,PB1
216,594,276,594,276,636,216,636,10%
506,594,644,594,644,636,506,636,10.0002
126,646,246,646,246,688,126,688,AMOUNT
574,644,636,644,636,688,574,688,818
136,804,234,804,234,846,136,846,TOTAL
544,802,646,802,646,846,544,846,9,000
124,854,208,854,208,898,124,898,CASH
499,855,637,852,638,895,500,899,100,000
134,908,254,908,254,950,134,950,CHANGE
526,908,648,908,648,952,526,952,91,000
132,491,274,494,273,537,131,534,PLASTIK
290,494,332,494,332,536,290,536,25
620,494,644,494,644,532,620,532,0
