80,458,96,458,96,480,80,480,1
106,456,194,456,194,480,106,480,Pillow
199,454,271,451,272,476,200,478,Kombi
377,450,465,450,465,476,377,476,19,500
103,516,217,513,218,540,104,543,SUBTOTAL
379,510,469,510,469,538,379,538,19,500
104,548,152,548,152,572,104,572,DUE
381,541,471,541,471,569,381,569,19,500
104,578,166,578,166,604,104,604,CASH
380,572,472,572,472,602,380,602,20,000
102,609,194,609,194,653,102,653,CHANGE
426,606,474,606,474,650,426,650,500
15,736,91,732,92,759,16,763,TOTAL
100,734,148,734,148,760,100,760,QTY
332,734,346,734,346,758,332,758,1
356,732,408,732,408,758,356,758,PCS
202,734,218,734,218,758,202,758,1
230,732,292,732,292,758,230,758,ITEM
