74,1148,159,1152,157,1189,72,1185,TOTAL
174,1152,260,1152,260,1190,174,1190,SALES
898,1159,1010,1159,1010,1201,898,1201,22,500
72,1208,156,1208,156,1246,72,1246,TOTAL
172,1210,256,1210,256,1248,172,1248,ITEMS
990,1222,1010,1222,1010,1262,990,1262,1
70,1268,172,1268,172,1306,70,1306,T-CASH
176,1268,254,1268,254,1306,176,1306,DISC
918,1279,1012,1282,1011,1325,917,1323,4,500
66,1324,170,1324,170,1362,66,1362,T-CASH
900,1340,1012,1340,1012,1382,900,1382,18,000
78,982,130,982,130,1016,78,1016,SUB
138,980,226,980,226,1018,138,1018,TOTAL
896,983,1008,986,1007,1029,895,1027,24,000
76,1040,146,1040,146,1074,76,1074,Disc
160,1040,278,1040,278,1076,160,1076,product
898,1044,1008,1044,1008,1084,898,1084,-1,500
150,814,205,821,201,855,145,848,1 x
200,812,346,812,346,850,200,850,HAZELNUT
360,812,456,812,456,848,360,848,CHOCO
453,802,505,802,505,856,453,856,III
506,810,600,810,600,850,506,850,(R)
894,808,1006,808,1006,850,894,850,24,000
180,870,282,870,282,906,180,906,Saving
412,868,498,868,498,906,412,906,1,500
