112,294,122,294,122,310,112,310,1
128,290,178,290,178,312,128,312,TWIST
182,290,232,290,232,312,182,312,DONUT
392,290,444,290,444,312,392,312,9,000
112,314,122,314,122,334,112,334,1
126,312,186,312,186,334,126,334,BANANA
190,312,242,312,242,334,190,334,DONUT
384,312,444,312,444,334,384,334,11,000
110,338,122,338,122,356,110,356,2
126,334,168,334,168,356,126,356,DARK
172,334,260,334,260,356,172,356,CHOCOLATE
262,334,324,334,324,356,262,356,MUFFIN
384,334,446,334,446,358,384,358,46,000
110,360,120,360,120,378,110,378,1
128,356,166,356,166,380,128,380,[MD]
170,356,212,356,212,380,170,380,MINI
218,356,296,356,296,380,218,380,CASTELLA
300,356,360,356,360,378,300,378,CHOCOL
384,358,446,358,446,380,384,380,11,000
110,382,120,382,120,402,110,402,1
124,380,194,380,194,402,124,402,PREMIUM
198,380,240,380,240,402,198,402,MILK
244,380,278,380,278,402,244,402,PAN
282,380,334,380,334,402,282,402,BREAD
386,380,446,380,446,404,386,404,17,500
110,406,120,406,120,424,110,424,1
124,402,176,402,176,426,124,426,APPLE
180,402,214,402,214,426,180,426,PIE
386,404,446,404,446,426,386,426,11,000
108,428,120,428,120,448,108,448,2
124,426,166,426,166,448,124,448,PAIN
170,426,194,426,194,448,170,448,AU
198,426,290,426,290,448,198,448,CHOCOLATE
384,426,448,426,448,450,384,450,22,000
106,452,120,452,120,472,106,472,2
124,448,166,448,166,472,124,472,KAYA
170,448,204,448,204,472,170,472,BUN
386,450,448,450,448,474,386,474,19,000
108,476,118,476,118,494,108,494,1
124,472,194,472,194,494,124,494,SAUSAGE
198,472,250,472,250,496,198,496,BREAD
386,472,448,472,448,496,386,496,15,000
108,498,118,498,118,518,108,518,1
122,496,156,496,156,518,122,518,TLJ
160,496,222,496,222,518,160,518,HOTDOG
388,496,448,496,448,520,388,520,16,000
122,544,218,544,218,582,122,582,TOTAL
314,544,448,544,448,584,314,584,177,500
122,582,166,582,166,604,122,604,CASH
378,582,450,582,450,606,378,606,100,000
122,626,240,626,240,664,122,664,CHANGE
330,628,448,628,448,668,330,668,22,500
122,602,166,602,166,626,122,626,CASH
378,606,450,606,450,630,378,630,100,000
