691,1510,733,1510,733,1553,691,1553,X
563,1416,1002,1416,1002,1472,563,1472,STIX CINNAMON
567,1497,601,1497,601,1548,567,1548,1
776,1497,947,1497,947,1557,776,1557,19,000
1557,1489,1732,1489,1732,1553,1557,1553,19,000
507,1612,631,1612,631,1668,507,1668,SUB
635,1617,819,1617,819,1672,635,1672,TOTAL
1557,1604,1732,1604,1732,1664,1557,1664,19,000
507,1774,904,1774,904,1834,507,1834,GRAND TOTAL
1557,1770,1732,1770,1732,1830,1557,1830,19,000
507,1894,669,1894,669,1954,507,1954,CASH
669,1894,776,1894,776,1954,669,1954,IDR
1553,1894,1732,1894,1732,1954,1553,1954,50,000
507,2018,755,2018,755,2073,507,2073,CHANGE
755,2018,878,2018,878,2073,755,2073,DUE
1553,2013,1732,2013,1732,2073,1553,2073,31,000
