188,932,261,935,258,969,186,966,Sub
265,932,353,931,352,967,264,966,Total
704,925,851,926,851,967,705,968,259,000
177,1027,242,1027,241,1063,176,1063,Tax
728,1023,859,1025,857,1067,729,1065,52,416
180,979,308,979,311,1017,179,1016,Service
749,975,854,974,852,1018,750,1020,9,600
172,1070,330,1072,328,1110,170,1109,Discount
733,1071,861,1068,861,1110,732,1112,19,000
183,765,317,766,316,806,183,806,Bintang
327,764,456,765,453,799,325,800,Bremer
557,763,574,762,575,795,557,796,1
721,760,844,758,845,799,722,800,59,000
184,814,323,814,325,849,185,852,Chicken
334,814,401,812,404,849,334,850,H-H
556,811,576,808,577,844,561,845,1
704,808,846,806,847,847,706,848,190,000
190,862,278,861,280,898,187,901,Ades
556,858,579,857,579,890,556,891,1
722,857,844,854,844,894,723,895,10,000
159,1147,335,1149,334,1197,161,1197,TOTAL
687,1146,864,1146,864,1199,687,1199,302,016
