42,432,56,432,56,460,42,460,1
70,429,121,432,119,462,68,459,Pdg
128,430,236,430,236,462,128,462,Madness
357,427,441,424,442,455,358,458,13,000
44,468,56,468,56,496,44,496,1
70,466,118,466,118,496,70,496,BCT
358,460,442,460,442,492,358,492,15,000
69,535,189,535,189,567,69,567,SUBTOTAL
355,531,443,528,444,561,356,564,28,000
70,572,120,572,120,602,70,602,DUE
356,566,444,566,444,598,356,598,28,000
72,608,134,608,134,638,72,638,CASH
356,602,444,602,444,634,356,634,50,000
72,646,162,646,162,694,72,694,CHANGE
352,636,450,636,450,698,352,698,22,000
36,721,110,724,109,752,35,749,TOTAL
118,726,164,726,164,754,118,754,QTY
340,728,360,728,360,754,340,754,2
368,726,416,726,416,754,368,754,PCS
216,728,234,728,234,754,216,754,2
244,728,304,728,304,756,244,756,ITEM
