234,452,271,456,269,477,232,473,Sub
274,455,326,458,325,479,273,476,Total
400,462,466,462,465,485,400,484,28,636
210,524,278,527,277,550,209,547,P.Rest
282,528,308,528,308,550,282,550,10
314,530,326,530,326,548,314,548,%
412,532,468,532,468,554,412,554,2,864
268,596,324,596,324,620,268,620,Total
402,582,472,582,472,622,402,622,31,500
278,617,326,620,325,642,278,641,Cash
404,622,473,624,475,647,404,646,40,000
244,669,322,672,321,697,243,694,Kembali
416,674,476,674,476,700,416,702,8,500
94,778,112,778,112,801,93,802,2
114,778,182,783,182,807,113,804,Items,
78,377,90,377,90,397,78,397,1
130,377,209,382,207,405,128,401,Chicken
210,382,254,382,254,406,210,406,HCC,
260,384,304,384,304,406,260,406,1Pcs
404,387,468,390,467,414,403,411,15,000
77,401,90,401,90,419,77,419,1
128,401,205,406,203,428,126,423,Colonel
210,405,275,409,273,433,209,428,Burger
402,414,467,416,467,439,402,438,13,636
