110,450,130,450,130,482,110,482,6
164,449,278,452,277,487,163,484,AMBUSH
288,452,348,452,348,488,288,488,DBL
362,452,418,452,418,486,362,486,CHS
432,450,504,450,504,484,432,484,BURG
620,444,791,431,793,469,622,481,99,000.00
112,500,136,500,136,534,112,534,2
166,497,281,501,279,536,164,531,AMBUSH
294,500,354,500,354,536,294,536,CHS
368,498,474,498,474,534,368,534,BURGER
624,492,795,481,797,520,627,531,22,000.00
146,602,314,602,314,636,146,636,SUB-TOTAL
574,594,759,584,761,621,576,631,121,000.00
148,652,214,652,214,688,148,688,TAX
223,650,375,646,376,681,224,685,INCLUDED
582,644,745,635,747,671,584,680,11,000.00
146,702,264,702,264,736,146,736,AMOUNT
278,698,338,698,338,736,278,736,DUE
582,691,765,684,767,724,584,732,121,000.00
146,808,210,808,210,846,146,846,VMB
226,804,286,804,286,844,226,844,BCA
626,792,811,785,813,825,628,832,121.000.00
606,952,682,952,682,988,606,988,0.00
148,972,274,972,274,1014,148,1014,CHANGE
