76,704,94,704,94,734,76,734,1
104,702,238,702,238,740,104,740,[RICHE]
246,704,362,704,362,736,246,736,BLACK
370,704,510,704,510,736,370,736,SAKURA
694,704,806,704,806,736,694,736,57,273
74,744,92,744,92,774,74,774,1
104,744,260,744,260,776,104,776,DRAGON
268,744,372,744,372,776,268,776,FRUIT
786,742,808,742,808,772,786,772,0
70,784,88,784,88,816,70,816,1
98,782,182,782,182,816,98,816,KIWI
790,782,814,782,814,812,790,812,0
68,826,84,826,84,858,68,858,1
96,824,260,824,260,860,96,860,MANGGO
796,822,818,822,818,854,796,854,0
64,870,82,870,82,902,64,902,1
94,866,433,866,433,902,94,902,ROASTED ALMOND
798,866,822,866,822,898,798,898,0
64,914,82,914,82,944,64,944,1
94,910,246,910,246,946,94,946,YELLOW
256,910,392,910,392,946,256,946,VELVET
802,910,826,910,826,940,802,940,0
62,956,82,956,82,988,62,988,1
94,954,246,954,246,988,94,988,YELLOW
255,954,391,951,392,987,256,989,VELVET
804,954,828,954,828,986,804,986,0
50,1042,118,1042,118,1076,50,1076,Sub
126,1040,210,1040,210,1074,126,1074,Total
716,1042,834,1042,834,1080,716,1080,57,273
50,1084,118,1084,118,1120,50,1120,PB1
127,1082,227,1080,228,1119,128,1122,(10%)
736,1088,834,1088,834,1126,736,1126,5,727
50,1128,210,1130,209,1166,49,1163,Rounding
810,1134,836,1134,836,1166,810,1166,0
52,1174,164,1174,164,1216,52,1216,Total
690,1178,836,1178,836,1222,690,1222,63,000
