68,416,140,416,140,450,68,450,Total
467,408,549,405,550,439,468,442,23.000
65,490,157,490,157,524,65,524,T-CASH
474,478,561,473,563,509,477,515,23.000
44,420,62,420,62,450,44,450,1
44,274,62,274,62,304,44,304,1
69,270,197,267,198,301,70,305,CAPPUCINO
202,266,303,261,305,296,204,300,CARAMEL
478,266,564,266,564,300,478,300,20,909
67,342,179,339,180,374,68,376,Subtotal
476,338,560,338,560,374,476,374,20,909
66,380,140,380,140,414,66,414,PAJAK
148,378,196,378,196,412,148,412,10%
482,374,550,374,550,406,482,406,2,091
