44,510,58,510,58,532,44,532,1
90,506,162,506,162,530,90,530,Sweet
162,504,222,504,222,528,162,528,Plum
224,500,298,500,298,526,224,526,Potato
400,496,480,496,480,524,400,524,29,000
404,544,484,544,484,572,404,572,29,000
34,578,92,578,92,602,34,602,Total
404,568,486,568,486,596,404,596,29,000
31,602,143,599,144,628,32,630,Pay Cash
148,598,228,598,228,626,148,626,29,000
372,598,458,602,457,626,371,623,Change
462,598,484,598,484,622,462,622,:0
36,554,128,554,128,580,36,580,ITEMS:
128,556,140,556,140,578,128,578,1
