304,1056,324,1056,324,1086,304,1086,1
334,1056,500,1056,500,1086,334,1086,Pavarotti
692,1060,812,1060,812,1092,692,1092,16,000
306,1094,326,1094,326,1122,306,1122,1
338,1094,398,1094,398,1122,338,1122,Lov
408,1092,556,1096,555,1129,407,1125,Triangle
692,1098,808,1098,808,1130,692,1130,12,000
306,1130,326,1130,326,1158,306,1158,1
340,1131,434,1133,433,1160,339,1157,Choco
444,1134,502,1134,502,1160,444,1160,Bun
692,1136,806,1136,806,1168,692,1168,10,500
308,1168,330,1168,330,1196,308,1196,1
340,1166,403,1170,401,1203,338,1199,Mgc
410,1167,505,1172,503,1200,408,1195,Chees
516,1170,558,1170,558,1200,516,1200,Wd
692,1171,804,1175,803,1206,691,1202,10,000
308,1204,328,1204,328,1232,308,1232,1
340,1204,402,1204,402,1234,340,1234,Hot
412,1205,592,1208,591,1242,411,1239,Cappuccino
688,1209,804,1212,803,1244,687,1240,20,000
310,1242,330,1242,330,1270,310,1270,1
346,1242,402,1242,402,1272,346,1272,Ice
412,1241,594,1247,593,1278,411,1272,Cappuccino
690,1246,804,1250,803,1282,689,1278,20,000
336,1318,486,1318,486,1352,336,1352,SUBTOTAL
690,1323,804,1326,803,1356,689,1353,88.500
334,1359,484,1364,483,1393,333,1388,Beverage
494,1360,556,1360,556,1392,494,1392,50%
688,1364,804,1364,804,1396,688,1396,20,000
332,1442,396,1442,396,1474,332,1474,DUE
692,1443,806,1446,805,1480,691,1477,68.500
326,1526,408,1526,408,1562,326,1562,CASH
676,1528,810,1533,809,1570,674,1565,100,000
320,1568,450,1568,450,1636,320,1636,CHANGE
688,1574,818,1574,818,1640,688,1640,31,500
452,1742,476,1742,476,1778,452,1778,6
490,1742,572,1742,572,1778,490,1778,ITEM
204,1738,304,1740,303,1778,203,1775,TOTAL
316,1742,382,1742,382,1776,316,1776,QTY
622,1746,646,1746,646,1780,622,1780,6
656,1743,725,1746,723,1780,654,1777,PCS
