80,394,110,394,110,414,80,414,1 x
112,392,136,392,136,414,112,414,HZ
136,390,182,390,182,412,136,412,CHOCO
184,390,206,390,206,410,184,410,MT
208,390,238,390,238,412,208,412,(L)
240,390,300,390,300,410,240,410,TOPPING
426,386,478,386,478,408,426,408,27,000
114,418,160,418,160,440,114,440,PEARL
162,416,206,416,206,442,162,442,(L)
432,412,476,412,476,434,432,434,4,000
82,448,112,448,112,468,82,468,1 x
114,444,162,444,162,466,114,466,MANGO
162,444,184,444,184,464,162,464,GT
186,442,230,442,230,466,186,466,(L)
424,440,478,440,478,462,424,462,25,000
116,472,162,472,162,492,116,492,PEARL
164,468,206,468,206,494,164,494,(L)
434,468,480,468,480,490,434,490,4,000
52,530,82,530,82,552,52,552,SUB
84,528,130,528,130,550,84,550,TOTAL
428,526,482,526,482,546,428,546,60,000
50,584,98,584,98,606,50,606,TOTAL
100,580,146,580,146,602,100,602,SALES
428,580,482,580,482,604,428,604,60,000
56,634,94,634,94,654,56,654,CASH
420,638,486,642,485,667,419,664,100,000
56,660,108,660,108,684,56,684,CHANGE
430,672,486,672,486,696,430,696,40,000
54,610,100,610,100,630,54,630,TOTAL
100,608,147,605,148,626,102,629,ITEMS
472,614,484,614,484,632,472,632,2
