108,310,132,310,132,334,108,334,1X
262,314,320,314,320,338,262,338,@8000
104,334,152,334,152,360,104,360,AREM
160,344,174,344,174,354,160,354,-
178,336,226,336,226,362,178,362,AREM
386,342,446,342,446,366,386,366,8,000
104,360,152,360,152,384,104,384,DISC
158,362,204,362,204,386,158,386,ITEM
356,366,444,366,444,392,356,392,-40.000%
104,386,172,386,172,410,104,410,AMOUNT
376,392,444,392,444,416,376,416,-3,200
104,410,130,410,130,434,104,434,1X
262,414,318,414,318,438,262,438,@9000
102,436,170,436,170,460,102,460,LEMPER
386,442,446,442,446,466,386,466,9,000
100,460,148,460,148,484,100,484,DISC
154,462,202,462,202,486,154,486,ITEM
354,466,446,466,446,492,354,492,-40.000%
98,486,168,486,168,512,98,512,AMOUNT
376,492,448,492,448,520,376,520,-3,600
98,512,124,512,124,538,98,538,1X
258,516,286,516,286,542,258,542,@0
94,540,176,540,176,566,94,566,PLASTIK
180,540,240,540,240,566,180,566,KECIL
432,548,448,548,448,570,432,570,0
92,594,184,594,184,620,92,620,SUBTOTAL
380,600,450,600,450,626,380,626,10,200
94,619,202,622,201,649,93,646,TOTAL
380,628,450,628,450,654,380,654,10,200
89,647,181,647,181,673,89,673,CASH
378,654,448,654,448,680,378,680,20,000
88,676,226,676,226,704,88,704,CHANGE
388,682,448,682,448,708,388,708,9,800
214,567,328,570,327,597,213,594,3.00xITEMs
