56,528,209,519,210,543,58,552,GRAND TOTAL
454,518,522,518,522,542,454,542,46,000
53,574,119,571,120,593,54,596,CASH
446,564,526,564,526,588,446,588,100,000
52,622,201,613,203,638,54,647,CHANGE DUE
458,612,528,612,528,636,458,636,54,000
58,464,108,464,108,486,58,486,SUB
110,460,180,460,180,484,110,484,TOTAL
454,458,522,458,522,480,454,480,46,000
81,325,275,325,275,347,81,347,ORIGINAL NO SALT
86,360,98,360,98,378,86,378,1
164,356,230,356,230,380,164,380,12,000
456,356,524,356,524,380,456,380,12,000
82,384,316,384,316,408,82,408,SOUR CREAM N ONION
82,418,98,418,98,440,82,440,2
164,414,228,414,228,438,164,438,17,000
454,414,524,414,524,438,454,438,34,000
