44,370,56,370,56,382,44,382,1
76,364,110,364,110,382,76,382,MIE
110,364,170,364,170,382,110,382,+ AYAM
170,364,272,364,272,382,170,382,KATSU TERI...
296,364,352,364,352,382,296,382,31,819
44,384,56,384,56,398,44,398,1
76,380,158,380,158,398,76,398,MIE SIRAM
158,380,204,380,204,398,158,398,AYAM
298,380,352,380,352,398,298,398,30,910
44,398,56,398,56,412,44,412,1
76,394,212,394,212,414,76,414,NASI GORENG SPC
298,396,352,396,352,414,298,414,30,001
44,414,56,414,56,428,44,428,2
76,410,148,410,148,428,76,428,ES JERUK
298,410,354,410,354,430,298,430,34,546
42,430,54,430,54,444,42,444,1
74,426,136,426,136,446,74,446,FRENCH
138,426,184,426,184,444,138,444,FRIES
300,426,354,426,354,446,300,446,18,182
292,458,356,458,356,478,292,478,145,458
38,474,72,474,72,494,38,494,VAT
74,476,110,476,110,494,74,494,10%
300,474,356,474,356,494,300,494,14,546
36,506,110,508,109,528,35,525,Rounding
338,508,356,508,356,526,338,526,-4
40,458,110,458,110,476,40,476,ITEMS :6
36,524,80,524,80,542,36,542,Total.
294,524,360,524,360,544,294,544,160,000
36,538,69,542,67,563,34,559,Pay
66,540,106,540,106,560,66,560,Cash
106,540,172,540,172,562,106,562,160,000
272,545,336,548,335,567,271,564,Change
340,546,356,546,356,564,340,564,0
