644,2099,678,2099,678,2158,644,2158,1
695,2090,908,2090,908,2158,695,2158,PREMIUM
921,2086,1075,2086,1075,2150,921,2150,TOAST
1092,2082,1190,2082,1190,2146,1092,2146,PAN
1203,2077,1356,2077,1356,2146,1203,2146,BREAD
1489,2069,1672,2069,1672,2141,1489,2141,24,000
688,2232,993,2220,998,2350,692,2361,TOTAL
1309,2219,1682,2202,1688,2337,1316,2354,24,000
701,2355,827,2349,830,2414,704,2420,CASH
1497,2329,1681,2329,1681,2397,1497,2397,50,000
690,2421,1059,2400,1066,2529,697,2550,CHANGE
1322,2397,1689,2397,1689,2534,1322,2534,26,000
