90,520,128,520,128,546,90,546,PL.
136,518,210,518,210,546,136,546,MUFFIN
218,518,318,518,318,544,218,544,BLUEBERRY
70,524,80,524,80,546,70,546,1
420,518,487,521,485,550,418,547,14,000
188,663,283,657,285,685,190,691,SUBTOTAL
418,656,491,660,489,689,416,685,39,000
188,694,229,690,231,717,190,721,DUE
418,684,491,688,489,717,416,713,39,000
188,720,240,720,240,748,188,748,CASH
418,712,491,716,489,745,416,741,39,000
22,702,66,702,66,728,22,728,PCS
84,700,102,700,102,726,84,726,4
24,670,88,670,88,698,24,698,ITEM:
86,668,104,668,104,694,86,694,4
88,550,126,550,126,574,88,574,RB.
136,548,188,548,188,574,136,574,ABON
192,548,243,545,245,571,194,574,AYAM
68,552,80,552,80,574,68,574,1
428,548,488,548,488,576,428,576,9,000
88,578,126,578,126,606,88,606,RB.
136,576,210,576,210,604,136,604,COKLAT
216,574,286,574,286,602,216,602,COFFEE
68,582,80,582,80,604,68,604,1
428,576,488,576,488,604,428,604,8,000
88,608,126,608,126,634,88,634,RB.
134,606,176,606,176,634,134,634,RED
182,604,232,604,232,632,182,632,BEAN
66,612,78,612,78,634,66,634,1
428,604,490,604,490,632,428,632,8,000
