524,1975,567,1975,567,2043,524,2043,1
620,1971,775,1963,779,2038,624,2047,KING
797,1962,942,1962,942,2035,797,2035,DEAL
964,1958,1122,1958,1122,2030,964,2030,FISH
1512,1944,1842,1934,1845,2020,1515,2030,27,500.00
529,2069,576,2069,576,2141,529,2141,1
627,2065,780,2065,780,2137,627,2137,KING
802,2056,951,2056,951,2133,802,2133,DEAL
971,2054,1189,2048,1191,2124,973,2129,CHEESE
1216,2048,1292,2048,1292,2120,1216,2120,BG
1516,2042,1851,2032,1853,2117,1519,2128,27,500.00
533,2167,576,2167,576,2235,533,2235,1
635,2167,678,2167,678,2235,635,2235,1
700,2163,813,2157,817,2230,704,2237,BIC
833,2159,950,2152,954,2226,837,2233,ALA
971,2154,1155,2149,1158,2222,973,2228,CARTE
1516,2142,1847,2130,1850,2214,1520,2227,17,500.00
533,2274,580,2274,580,2342,533,2342,2
699,2265,819,2265,819,2338,699,2338,CHG
840,2261,921,2261,921,2333,840,2333,TO
935,2257,1056,2250,1060,2324,940,2331,REG
1077,2247,1330,2240,1332,2316,1079,2324,JASMINE
467,2458,784,2446,787,2521,469,2533,SUB-TOTAL
1528,2428,1859,2413,1863,2503,1532,2517,72,500.00
