64,522,256,524,255,568,63,565,05130000
273,525,399,525,399,567,273,567,ZUPPA
418,526,514,526,514,568,418,568,SOUP
872,522,1022,522,1022,568,872,568,28,600
66,586,258,586,258,628,66,628,04010000
278,586,422,586,422,630,278,630,CHILLY
444,585,636,585,636,629,444,629,N'CHEESE
872,586,1018,586,1018,634,872,634,33,000
68,644,256,647,255,690,67,687,04080000
277,647,371,647,371,689,277,689,BEEF
396,648,564,648,564,692,396,692,CHEDDAR
582,648,632,648,632,692,582,692,PO
866,648,1016,648,1016,694,866,694,36,300
74,706,262,708,261,752,73,749,13100000
280,708,450,711,449,754,279,751,MINERAL
468,712,590,712,590,760,468,760,WATER
892,708,1012,710,1011,756,891,753,6.600
80,828,194,828,194,868,80,868,Total
838,823,1006,827,1005,872,837,868,104.500
84,884,178,884,178,926,84,926,CASH
838,890,1002,890,1002,932,838,932,105,000
80,944,220,944,220,986,80,986,CHANGE
930,950,1006,950,1006,994,930,994,500
