60,388,88,388,90,415,59,416,11
108,388,184,388,184,414,107,415,AMBUSH
190,388,228,388,228,414,190,414,DBL
236,388,276,388,275,414,236,414,CHS
282,388,332,388,332,413,281,415,BURG
396,386,516,386,516,416,396,416,181,500.00
72,422,88,422,90,447,70,446,4
106,420,184,420,184,448,106,448,AMBUSH
188,420,230,420,230,446,188,446,CHS
236,420,310,420,310,446,236,446,BURGER
405,420,515,417,516,446,406,448,44,000.00
72,456,88,456,89,480,72,480,1
108,454,160,454,161,480,108,480,TAKE
166,452,218,452,218,480,165,479,AWAY
224,450,298,450,298,479,224,480,CHARGE
418,452,517,446,519,478,420,483,1,000.00
94,518,206,518,207,548,93,549,SUB-TOTAL
374,516,496,516,496,546,374,546,226,500.00
92,586,170,586,171,617,91,616,AMOUNT
176,586,218,586,218,614,176,614,DUE
376,582,500,582,500,614,376,618,226,500.00
92,656,147,655,147,687,91,685,CASH
403,654,529,649,530,681,404,685,250,000.00
90,762,170,762,169,791,89,792,CHANGE
381,760,497,757,498,788,382,790,23,500.00
