413,2397,605,2397,605,2466,413,2466,Grand
627,2393,814,2393,814,2466,627,2466,Total
1540,2393,1762,2393,1762,2453,1540,2453,17.999
413,2116,644,2116,644,2180,413,2180,Jumlah
665,2116,819,2116,819,2180,665,2180,Item
1297,2129,1335,2129,1335,2180,1297,2180,1
418,2210,541,2210,541,2278,418,2278,Sub
558,2205,750,2205,750,2278,558,2278,Total
1536,2210,1762,2210,1762,2278,1536,2278,16,363
405,2303,607,2308,604,2388,403,2382,Pajak
623,2298,821,2306,818,2377,620,2370,Resto
1562,2299,1763,2305,1761,2373,1560,2367,1.636
669,1932,721,1932,721,1996,669,1996,1
422,1838,580,1838,580,1907,422,1907,THAI
605,1838,759,1838,759,1907,605,1907,ICED
772,1843,900,1843,900,1907,772,1907,TEA
917,1847,1032,1847,1032,1928,917,1928,(L)
1531,1941,1757,1941,1757,2009,1531,2009,16,363
1053,1937,1275,1937,1275,2001,1053,2001,16.363
