467,1230,679,1229,682,1299,467,1300,GUARDIAN
684,1227,873,1229,880,1296,680,1295,F/TISUE
260,1225,452,1230,452,1294,263,1298,3041906
1054,1230,1186,1234,1187,1299,1053,1303,3,400
363,1295,579,1296,581,1364,362,1362,SUBTOTAL
1054,1294,1188,1295,1201,1366,1049,1364,3,400
359,1491,501,1490,508,1560,365,1566,Total
509,1496,624,1494,630,1564,506,1569,Hero
638,1492,776,1488,781,1563,633,1564,3,400
259,1359,383,1357,383,1429,261,1430,CASH
1059,1358,1189,1361,1193,1430,1057,1426,4,000
469,1429,629,1424,632,1495,461,1498,CHANGE
641,1427,727,1426,729,1493,638,1495,DUE
1115,1428,1202,1427,1201,1494,1115,1497,600
361,1565,510,1565,507,1631,358,1637,ITEMS
518,1560,776,1563,786,1636,518,1636,PURCHASED:
789,1565,825,1563,833,1631,790,1632,1
