226,1022,289,1024,288,1058,225,1056,Sub
290,1023,366,1021,367,1056,290,1058,Total
658,1018,785,1015,787,1058,658,1057,510,000
222,1104,282,1103,280,1136,224,1138,Tax
678,1098,786,1097,785,1138,676,1140,54,255
223,1066,332,1065,334,1100,222,1099,Service
678,1059,784,1059,786,1100,674,1099,35,700
221,1137,353,1138,355,1172,223,1173,Discount
760,1136,782,1137,782,1168,760,1168,0
538,737,555,736,555,768,539,768,1
230,736,331,734,332,768,231,768,GONG
337,737,437,737,439,766,337,767,GIBAB
673,736,776,735,776,773,671,774,20,000
536,777,554,775,556,808,539,811,1
226,775,283,777,281,810,228,810,BO
286,776,380,774,379,809,286,808,SSAM
656,775,779,775,779,813,655,813,320,000
222,1199,360,1197,359,1238,219,1241,TOTAL
640,1197,787,1196,787,1245,637,1244,599,955
537,815,555,816,556,848,538,848,1
226,815,366,817,370,849,227,851,HAEMUL
229,852,388,852,386,886,226,890,DENJANG
228,890,346,889,343,924,225,925,JJIGAE
670,815,779,814,778,855,673,854,85,000
536,925,558,926,559,959,536,961,1
225,926,486,922,486,963,224,967,MULNAENGMYO
227,965,253,966,254,999,225,1000,N
675,925,779,924,781,964,672,965,85,000
