92,928,232,931,231,978,91,974,BALANCE
246,932,326,932,326,978,246,978,DUE:
617,935,743,932,744,981,618,984,55,800
34,304,150,304,150,348,34,348,0.264X
158,302,278,302,278,346,158,346,98,500
32,356,110,356,110,398,32,398,IKAN
122,354,220,354,220,398,122,398,GABUS
232,352,334,352,334,396,232,396,FRESH
602,345,727,340,728,387,604,391,26,004
32,406,148,406,148,450,32,450,0.308X
158,404,276,404,276,448,158,448,72,500
30,458,110,458,110,500,30,500,IKAN
120,456,220,456,220,500,120,500,BUMBU
232,454,348,454,348,500,232,500,KUNING
606,448,728,448,728,494,606,494,22,330
30,510,72,510,72,550,30,550,1X
82,508,182,508,182,552,82,552,7,500
28,560,164,560,164,602,28,602,OCTOPUS
174,556,276,556,276,602,174,602,SATAY
626,554,734,554,734,602,626,602,7,500
62,610,234,610,234,654,62,654,SUBTOTAL:
609,608,733,605,734,652,610,654,55,834
60,713,175,713,175,759,60,759,TOTAL:
612,712,744,712,744,760,612,760,55,834
54,986,170,986,170,1030,54,1030,Tunai:
620,992,744,992,744,1040,620,1040,60,000
56,1036,140,1045,135,1087,52,1079,Uang
148,1041,306,1044,305,1089,147,1086,Kembali:
640,1048,746,1048,746,1094,640,1094,4,200
54,1088,215,1096,213,1142,52,1135,QUANTITY
224,1095,426,1100,425,1147,223,1142,PURCHASED:
640,1100,749,1105,747,1154,638,1149,1.572
58,767,177,767,177,811,58,811,Simple
190,768,350,768,350,812,190,812,Rounding
694,770,756,770,756,816,694,816,34 -
