256,453,306,453,306,478,256,480,IKAN
317,452,395,453,395,479,315,477,GURAME
403,455,447,455,448,476,403,478,MED
259,483,306,482,309,506,259,507,SOP
316,481,372,482,372,506,316,507,IKAN
209,455,226,455,227,477,209,477,1
483,450,572,450,572,478,483,478,158,000
251,511,306,510,306,536,250,537,CUMI
310,506,345,506,345,536,310,536,GR
354,511,438,512,437,533,353,532,JUNJAN
267,540,396,539,397,563,267,565,=*MEDIUM*=
209,504,233,504,233,547,209,547,1
479,506,572,506,570,533,479,534,129,000
252,566,311,566,311,597,252,597,CUMI
311,566,354,566,354,594,311,594,GR
356,566,436,566,436,594,356,594,TEPUNG
264,593,396,593,397,617,264,620,=*MEDIUM*=
216,569,233,569,232,596,214,595,1
482,560,576,560,576,594,482,594,129,000
255,618,324,618,324,648,255,648,AGSIO
328,618,365,618,365,653,328,653,TH
368,618,400,619,400,649,368,648,PC
407,616,457,616,457,653,407,653,JMR
259,649,402,649,402,675,259,675,=*MEDIUM*=
215,619,229,623,231,656,215,657,1
486,610,573,610,573,654,486,654,147,000
251,681,323,682,320,707,250,704,POCAI
330,674,374,674,374,708,330,708,BWG
384,677,454,677,455,702,385,703,PUTIH
265,709,402,705,402,729,265,734,=*MEDIUM*=
216,678,234,678,234,714,216,714,1
499,672,584,672,584,702,499,702,90,000
253,739,335,737,337,762,253,763,LUMPIA
344,736,391,736,391,760,344,760,UDG
396,730,456,730,456,758,396,758,PREM
268,767,400,764,400,786,269,792,=*MEDIUM*=
216,736,233,736,233,769,216,769,1
489,727,576,727,578,757,489,758,144,000
254,796,309,796,310,820,254,820,NASI
320,794,389,793,389,817,320,817,PUTIH
215,792,241,792,241,823,215,823,6
502,784,578,783,580,814,501,815,60,000
413,790,490,787,490,816,415,818,10,000
255,822,297,824,298,850,254,850,HOT
306,823,351,821,352,853,307,853,TEA
216,827,231,826,232,850,217,850,3
502,817,583,817,583,846,502,846,36,000
374,823,456,821,456,848,374,849,12,000
254,853,311,855,312,878,254,878,AQUA
216,853,241,853,241,883,216,883,1
503,847,583,843,583,872,503,873,11,000
257,883,311,882,312,910,257,910,ICED
319,879,367,879,367,908,319,908,TEA
216,883,233,883,233,916,216,916,2
502,876,585,877,584,905,503,906,24,000
387,879,467,875,467,906,388,910,12,000
256,915,310,914,309,943,256,942,ICED
322,912,362,911,363,938,320,940,TEA
216,918,232,918,232,941,216,941,1
501,904,586,904,586,937,501,937,12,000
257,1063,366,1062,367,1092,257,1092,SUBTOTAL
495,1059,591,1058,592,1085,494,1088,940,000
258,1096,353,1096,353,1122,258,1122,SERVICE
365,1095,445,1095,445,1121,365,1121,CHARGE
509,1088,593,1087,593,1113,507,1116,56,400
260,1128,298,1128,299,1152,260,1152,Tax
312,1126,355,1126,355,1152,312,1152,10%
508,1115,594,1114,593,1143,508,1146,99,640
251,970,314,972,317,1000,251,1000,FOOD
488,968,587,968,587,998,488,998,797,000
253,1003,381,1003,381,1031,254,1033,BEVERAGES
505,999,593,999,592,1025,507,1027,83,000
257,1032,339,1032,339,1062,257,1062,OTHERS
507,1028,593,1026,595,1057,507,1061,60,000
260,1152,312,1152,312,1200,260,1200,DU
339,1151,578,1145,577,1200,340,1204,1,096,040
