627,1540,1015,1540,1015,1612,627,1612,ORIGINAL
1489,1548,1774,1548,1774,1621,1489,1621,12,000
631,1621,1019,1621,1019,1693,631,1693,TIRAMISU
1059,1624,1205,1630,1202,1701,1056,1695,CIN
1489,1634,1774,1634,1774,1706,1489,1706,14,000
627,1706,776,1706,776,1774,627,1774,MUF
823,1710,1019,1710,1019,1774,823,1774,CHOC
1058,1710,1203,1710,1203,1774,1058,1774,CHP
1489,1715,1770,1715,1770,1787,1489,1787,12,000
631,1792,780,1792,780,1860,631,1860,CHO
823,1792,1019,1792,1019,1860,823,1860,CAKE
1058,1792,1198,1792,1198,1860,1058,1860,SMA
1484,1796,1770,1796,1770,1868,1484,1868,12,000
631,1958,780,1958,780,2026,631,2026,RED
823,1954,1109,1954,1109,2022,823,2022,VELVET
1472,1958,1767,1966,1765,2038,1470,2030,20,000
870,1877,968,1877,968,1941,870,1941,2X
1344,1877,1621,1877,1621,1949,1344,1949,10,000
630,2041,1015,2034,1016,2105,631,2112,HAZELNUT
1485,2040,1763,2046,1761,2121,1483,2115,15,000
634,2125,1015,2116,1016,2186,636,2194,TIRAMISU
1058,2116,1198,2116,1198,2184,1058,2184,CIN
1481,2122,1763,2130,1761,2204,1479,2196,14,000
634,2207,1014,2196,1017,2266,636,2278,ORIGINAL
1477,2204,1760,2215,1757,2286,1474,2275,12,000
783,2285,1223,2270,1226,2341,785,2357,TOTAL
1127,2348,1743,2374,1740,2448,1124,2422,111,000
774,2445,1061,2434,1064,2505,777,2516,CREDIT
1429,2442,1755,2457,1752,2528,1426,2514,111,000
