70,572,120,572,121,606,67,603,DUE
356,566,444,566,444,598,356,598,28,000
72,608,134,608,134,638,72,638,CASH
356,602,444,602,444,634,356,634,50,000
69,642,166,642,166,698,69,701,CHANGE
352,636,450,636,450,698,352,698,22,000
216,728,234,728,235,757,215,756,2
244,728,304,728,305,758,241,758,ITEM
36,721,110,724,109,752,35,749,TOTAL
118,726,164,726,165,756,118,757,QTY
340,728,360,728,360,754,340,754,2
368,726,416,726,416,756,368,757,PCS
69,426,120,431,120,465,68,465,Pdg
128,430,236,430,236,462,128,462,Madness
357,427,441,424,442,455,358,458,13,000
42,432,56,432,55,461,41,462,1
69,535,189,535,192,569,69,571,SUBTOTAL
355,531,443,528,444,561,354,567,28,000
69,464,121,463,119,499,69,500,BCT
358,460,442,460,442,492,358,494,15,000
42,465,56,465,56,499,43,498,1
