100,448,112,448,112,468,100,468,1
118,444,156,444,156,468,118,468,NEW
162,444,206,444,206,466,162,466,BEEF
214,442,312,442,312,466,214,466,SPAGHETTI
394,442,466,442,466,470,394,470,38,182
98,476,112,476,112,496,98,496,1
116,472,154,472,154,494,116,494,P/P
160,470,250,470,250,494,160,494,AMERICAN
256,470,292,470,292,494,256,494,FAV
392,472,464,472,464,498,392,498,29,091
100,506,112,506,112,524,100,524,1
118,500,178,500,178,522,118,522,PAKET
184,498,240,498,240,522,184,522,HAPPY
246,498,294,498,294,522,246,522,HOUR
394,502,466,502,466,528,394,528,27,273
142,530,154,530,154,550,142,550,1
162,526,230,526,230,550,162,550,GARLIC
236,526,292,526,292,550,236,550,BREAD
144,560,156,560,156,578,144,578,1
162,554,230,554,230,578,162,578,DILMAH
236,554,314,554,314,578,236,578,ENGLISH
320,556,356,556,356,580,320,580,TEA
226,610,314,610,314,634,226,634,SUBTOTAL
396,614,468,614,468,642,396,642,94,546
278,640,314,640,314,664,278,664,TAX
406,642,466,642,466,670,406,670,9,454
122,692,228,692,228,732,122,732,TOTAL
312,694,466,699,465,744,311,740,104,000
