327,1176,452,1177,453,1213,324,1211,Amount:
502,1178,636,1174,636,1209,499,1214,1,376,500
233,1176,299,1177,300,1212,232,1213,Qty:
303,1177,323,1178,323,1207,303,1208,8
19,342,82,342,82,371,19,372,BAK
82,341,177,340,178,367,83,371,MANDI
182,338,257,337,255,373,180,377,(BAK
255,336,353,334,354,367,255,370,MANDI
355,333,478,334,477,365,357,368,TAIWAN
478,330,605,331,604,370,478,369,BESAR)
19,383,165,383,167,412,19,414,500900014
530,421,642,419,643,454,528,454,125,000
23,490,151,489,151,519,26,521,TATAKAN
153,489,248,489,249,520,153,520,MANDI
252,487,368,488,369,522,250,524,(JARING
371,489,472,489,471,518,370,519,MANDI
475,488,559,489,559,525,472,523,JALA)
562,502,575,502,575,512,563,512,-
28,532,169,531,166,559,26,561,502100007
538,572,633,572,634,605,535,605,50,000
33,631,107,630,107,658,31,659,BAJU
111,630,322,629,325,662,106,664,ATASAN(PETITE
324,634,392,632,391,660,324,660,MIMI
394,633,521,632,522,662,393,662,ROMPER
522,632,567,632,567,663,525,664,3D
34,668,148,667,149,696,35,700,FOREST
148,668,163,668,163,695,149,698,/
164,670,280,667,280,703,163,699,RM0003)
300,669,458,670,460,698,299,699,1000600098
531,709,625,710,627,740,530,744,53,000
38,764,281,764,284,800,36,801,ACCESORIES(SUN
284,768,382,769,381,797,283,796,BABES
381,769,518,770,517,798,382,798,PENUTUP
521,771,607,771,605,805,519,803,MATA)
53,805,191,805,191,835,54,836,804100017
527,847,621,848,622,879,527,881,27,500
32,903,125,904,123,934,27,936,KAPAS
127,907,231,904,230,938,125,943,(KAPAS
231,906,378,906,379,939,232,942,MEDISOFT
379,909,503,910,503,940,381,943,COTTON
505,912,581,912,580,944,504,944,BALL
27,943,88,945,85,980,27,979,120)
105,944,310,947,313,981,106,977,8991038772194
247,995,263,994,263,1020,246,1020,3
303,994,365,995,369,1024,303,1024,7,000
534,995,631,994,629,1030,533,1030,21,000
19,1048,89,1049,89,1085,14,1084,JOIE
89,1052,285,1055,283,1092,87,1085,KUBBIE(BABY
287,1055,364,1058,362,1098,283,1093,BOX)
383,1058,532,1060,531,1093,381,1093,901800109
502,1106,636,1104,637,1139,501,1143,1,100,000
