68,348,82,348,82,370,68,370,1
98,345,161,349,159,376,96,373,Spicy
166,350,216,350,216,372,166,372,Tuna
438,352,514,352,514,380,438,380,16,363
230,407,336,410,335,435,229,433,SubTotal:
426,412,502,412,502,440,426,440,16,363
286,440,336,440,336,466,286,466,PB1:
438,444,502,444,502,472,438,472,1,636
224,498,309,502,307,545,222,541,Total:
420,506,510,506,510,552,420,552,17,999
290,558,352,558,352,582,290,582,cash:
444,560,520,560,520,590,444,590,50,000
254,582,340,593,337,619,251,609,Change:
432,592,508,592,508,622,432,622,32,001
