80,462,124,462,124,478,80,478,Total.
266,458,324,458,324,478,266,478,9.500,00
80,480,112,480,112,496,80,496,Cash
80,496,144,496,144,512,80,512,Tendered:
286,494,352,494,352,512,286,512,10.000,00
80,510,132,514,131,529,79,526,Change:
306,512,352,512,352,528,306,528,500.00
80,424,118,424,118,442,80,442,Total
122,426,158,426,158,442,122,442,Item:
222,426,232,426,232,440,222,440,1
84,372,162,372,162,388,84,388,2005-CHEESE
162,372,194,372,194,388,162,388,JOHN
134,390,194,390,194,408,134,408,9.500,00
212,390,230,390,230,406,212,406,x1
278,388,334,388,334,406,278,406,9.500,00
