580,1595,622,1595,622,1664,580,1664,6
648,1595,823,1595,823,1664,648,1664,TWIST
844,1595,1019,1595,1019,1664,844,1664,DONUT
1565,1600,1774,1600,1774,1672,1565,1672,54,000
635,1915,985,1915,985,2052,635,2052,TOTAL
1309,1920,1783,1920,1783,2065,1309,2065,103,000
644,2052,789,2052,789,2120,644,2120,CASH
1543,2056,1782,2051,1784,2125,1544,2130,100,000
644,2133,789,2133,789,2201,644,2201,CASH
1544,2133,1783,2133,1783,2210,1544,2210,100,000
635,2210,1053,2210,1053,2346,635,2346,CHANGE
1365,2214,1792,2214,1792,2355,1365,2355,97,000
576,1676,622,1676,622,1740,576,1740,2
644,1676,819,1676,819,1745,644,1745,PIZZA
844,1676,1015,1676,1015,1745,844,1745,TOAST
1565,1681,1774,1681,1774,1757,1565,1757,32,000
580,1757,614,1757,614,1821,580,1821,1
644,1757,853,1757,853,1826,644,1826,CROQUE
874,1753,1152,1753,1152,1830,874,1830,MONSIEUR
1570,1762,1774,1762,1774,1838,1570,1838,17,000
