401,2308,443,2308,443,2372,401,2372,1
499,2305,764,2312,763,2382,497,2376,Nutella
781,2310,1003,2316,1002,2381,779,2376,Cheese
1531,2316,1762,2316,1766,2405,1529,2403,27,272
917,2495,1238,2501,1237,2572,916,2567,SubTotal:
1501,2500,1736,2500,1736,2589,1501,2592,27,272
1092,2594,1237,2594,1237,2666,1092,2666,PB1:
1540,2594,1732,2594,1734,2681,1539,2681,2,727
891,2777,1173,2777,1173,2918,891,2918,Total:
1480,2777,1779,2777,1782,2944,1479,2951,29,999
1110,2948,1294,2953,1292,3025,1110,3033,cash:
1570,2956,1796,2956,1797,3042,1572,3042,50,000
1002,3053,1260,3060,1255,3142,997,3136,Change:
1531,3054,1766,3054,1766,3140,1531,3140,20,001
