94,296,106,296,106,318,94,318,1
116,293,161,296,159,324,114,321,[MD]
168,300,216,300,216,324,168,324,SOFT
222,300,302,300,302,326,222,326,STEAMED
308,300,388,300,388,326,308,326,CHOCOCA
420,298,490,298,490,326,420,326,10,000
96,324,108,324,108,346,96,346,1
116,321,163,324,161,352,114,349,[MD]
168,326,216,326,216,352,168,352,SOFT
222,328,302,328,302,354,222,354,STEAMED
308,328,390,328,390,354,308,354,CHEESEC
420,326,490,326,490,352,420,352,10,000
96,354,108,354,108,376,96,376,1
118,352,162,352,162,380,118,380,[MD]
168,354,216,354,216,380,168,380,MINI
224,353,312,353,312,379,224,379,CASTELLA
318,354,390,354,390,380,318,380,ORIGIN
418,352,490,352,490,376,418,376,11,000
94,380,110,380,110,406,94,406,2
116,379,196,382,195,408,115,405,REDBEAN
202,382,260,382,260,406,202,406,BREAD
420,378,490,378,490,404,420,404,18,000
114,438,226,438,226,482,114,482,TOTAL
354,437,491,430,493,475,356,483,49,000
114,484,164,484,164,510,114,510,CASH
411,478,493,474,495,502,412,505,100,000
112,515,249,509,251,554,114,560,CHANGE
356,508,496,508,496,554,356,554,51,000
