94,480,232,480,232,506,94,506,HAZELNUT
246,478,298,478,298,504,246,504,ALM
398,476,496,476,496,504,398,504,15,000
93,510,247,507,248,534,94,536,CAPPUCINO
262,508,296,508,296,532,262,532,CI
398,508,496,508,496,534,398,534,14,000
91,540,231,536,232,563,92,567,TIRAMISU
246,538,298,538,298,562,246,562,CIN
398,537,498,537,498,563,398,563,14,000
144,568,248,568,248,594,144,594,SODEXO
380,568,500,568,500,596,380,596,-25,000
144,600,180,600,180,624,144,624,TL
306,594,496,599,495,627,305,622,18,000
143,628,215,626,216,653,144,656,CASH
398,627,502,631,501,659,397,655,50,000
144,660,180,660,180,686,144,686,CG
400,657,505,663,503,692,398,686,32,000
