268,784,290,784,290,810,268,810,2
324,782,368,782,368,806,324,806,KFC
368,782,442,782,442,806,368,806,Winger
446,776,478,776,478,802,446,802,HC
636,767,715,763,717,790,638,794,40,000
268,814,288,814,288,836,268,836,1
323,814,433,806,435,832,324,839,Soaghetti
436,808,514,808,514,830,436,830,Deluxe
648,796,715,793,717,819,650,822,8,182
446,862,490,862,490,886,446,886,Sub
490,860,555,857,557,880,492,884,Total
640,852,719,848,720,874,642,878,48,182
426,946,502,946,502,970,426,970,P.Rest
506,942,536,942,536,968,506,968,10
540,942,560,942,560,964,540,964,:
654,934,724,934,724,960,654,960,4,818
494,1039,561,1034,563,1059,496,1064,Total
643,1011,723,1007,725,1049,646,1053,53,000
506,1059,563,1057,564,1081,508,1084,Cash
644,1051,723,1045,725,1071,646,1078,60,000
474,1117,563,1110,565,1136,476,1142,Kembali
658,1103,727,1098,729,1128,660,1132,7,000
322,1246,342,1246,342,1270,322,1270,3
346,1242,420,1242,420,1268,346,1268,Items,
