36,350,122,350,122,368,36,368,2005-CHEESE
124,352,158,352,158,370,124,370,JOHN
92,370,156,370,156,390,92,390,9.500,00
180,374,198,374,198,390,180,390,x1
252,376,318,376,318,396,252,396,9.500,00
34,444,82,444,82,462,34,462,Total.
236,452,300,452,300,472,236,472,9.500,00
34,462,68,462,68,478,34,478,Cash
36,479,102,482,101,498,35,495,Tendered:
256,488,328,488,328,504,256,504,20.000,00
36,496,88,496,88,514,36,514,Change:
258,504,300,504,300,518,258,518,10.500
36,408,74,408,74,424,36,424,Total
76,406,119,409,117,428,74,425,Item:
188,414,198,414,198,430,188,430,1
