512,924,614,924,614,952,512,952,Subtotal:
617,922,757,915,759,946,618,953,Rp 35,636.36
482,964,528,964,528,990,482,990,Tax
532,960,628,960,628,988,532,988,10.00%:
630,958,759,951,761,983,632,989,Rp 3,563.64
480,1000,577,994,579,1022,482,1027,TOTAL:
630,994,757,988,758,1015,632,1021,39,200,00
540,1022,598,1022,598,1048,540,1048,Paid:
616,1022,755,1012,757,1042,618,1051,Rp 39,200.00
164,856,182,856,182,882,164,882,1
188,854,284,854,284,880,188,880,medium
286,848,330,848,330,878,286,878,tub
578,839,677,835,678,865,580,869,39,200.0
708,836,805,831,807,861,710,865,39,200.0
