294,958,414,956,413,989,294,991,~CASH
425,957,565,957,564,994,423,993,[58,000]
93,716,187,714,185,745,93,745,BEEF
195,714,304,711,299,744,195,744,CURRY
314,713,423,711,420,743,314,743,UDON
656,715,672,715,672,742,656,742,1
750,712,862,709,857,744,750,744,52,727
342,814,418,814,418,842,342,842,SUB
430,808,539,810,538,845,432,845,TOTAL
731,815,839,815,839,846,731,846,52,727
251,852,466,850,467,884,251,883,RESTAURANT
478,852,540,852,540,885,478,885,TAX
750,854,842,851,839,887,750,887,5,273
326,923,447,920,447,954,326,953,GRAND
456,923,563,923,566,953,456,954,TOTAL
662,951,842,948,842,996,658,999,58,000
584,1074,688,1074,688,1109,584,1109,Change
700,1070,798,1069,798,1104,699,1103,42,000
