46,278,114,278,114,304,46,304,PAKET
122,280,212,280,212,306,122,306,DOSIRAK
222,282,234,282,234,306,222,306,1
308,282,320,282,320,306,308,306,1
366,280,448,280,448,308,366,308,25,975
466,278,546,278,546,310,466,310,25,975
42,310,112,310,112,336,42,336,PAKET
120,312,212,312,212,338,120,338,DOSIRAK
222,316,234,316,234,338,222,338,1
40,342,84,342,84,368,40,368,ICE
92,342,162,342,162,368,92,368,SWEET
169,343,259,343,259,369,169,369,JASMINE
268,346,370,346,370,372,268,372,GREENTEA
140,410,246,410,246,436,140,436,Subtotal
466,412,544,412,544,442,466,442,25,975
138,443,246,446,245,472,137,469,Services
482,446,548,446,548,476,482,476,1,298
136,552,180,552,180,578,136,578,Tax
486,550,554,550,554,582,486,582,2,727
142,622,224,622,224,666,142,666,Total
448,622,556,622,556,684,448,684,30,000
