563,2012,901,2020,899,2095,561,2088,TOTAL
1301,2021,1784,2026,1783,2110,1300,2105,261,333
556,2151,775,2172,769,2239,549,2218,Coupon
1540,2163,1792,2163,1792,2244,1540,2244,100,000
554,2227,669,2227,669,2295,554,2295,BCA
691,2227,836,2227,836,2295,691,2295,Card
1540,2234,1793,2240,1791,2319,1538,2313,161,333
563,1753,841,1758,840,1827,562,1822,SUBTOTAL
1531,1757,1787,1757,1787,1834,1531,1834,221,000
563,1821,807,1826,806,1890,562,1885,Service
1570,1826,1787,1826,1787,1898,1570,1898,16,575
554,1890,665,1890,665,1954,554,1954,PB1
1566,1893,1788,1898,1787,1975,1564,1969,23,758
494,1348,541,1348,541,1416,494,1416,1
564,1350,817,1365,813,1431,560,1415,Lasagna
1565,1352,1783,1352,1783,1429,1565,1429,45,000
494,1420,537,1420,537,1484,494,1484,1
563,1420,874,1420,874,1497,563,1497,Spaghetti
900,1420,1241,1420,1241,1489,900,1489,ChickPesto
1566,1420,1780,1425,1778,1501,1564,1496,55,000
499,1484,541,1484,541,1548,499,1548,1
564,1484,848,1499,844,1567,560,1552,BangBang
866,1489,1045,1489,1045,1557,866,1557,Chick
1062,1490,1243,1498,1240,1568,1059,1560,Wings
1570,1488,1784,1493,1782,1569,1568,1564,49,000
494,1557,537,1557,537,1617,494,1617,1
563,1557,708,1557,708,1621,563,1621,Iced
734,1556,1076,1562,1074,1638,732,1632,Cappuccino
1565,1557,1783,1557,1783,1629,1565,1629,33,000
494,1621,537,1621,537,1685,494,1685,1
559,1624,740,1631,737,1703,556,1696,Gypsy
768,1621,978,1626,976,1694,766,1689,Gelato
998,1625,1109,1625,1109,1689,998,1689,Ice
1130,1625,1241,1625,1241,1689,1130,1689,Tea
1570,1625,1787,1625,1787,1702,1570,1702,39,000
