576,1540,614,1540,614,1595,576,1595,1
712,1544,840,1544,840,1604,712,1604,Rice
853,1547,1067,1553,1066,1613,852,1608,Organik
1536,1557,1693,1557,1693,1612,1536,1612,6.818
1109,2150,1267,2150,1267,2214,1109,2214,Total
1493,2107,1698,2107,1698,2218,1493,2218,25,000
1134,2214,1271,2214,1271,2274,1134,2274,Cash
1497,2222,1693,2222,1693,2286,1497,2286,25,000
605,2645,652,2645,652,2709,605,2709,2
665,2645,849,2645,849,2713,665,2713,Items,
1011,1753,1113,1753,1113,1813,1011,1813,Sub
1126,1753,1280,1753,1280,1813,1126,1813,Total
1501,1753,1693,1753,1693,1817,1501,1817,22,727
942,1954,1134,1954,1134,2018,942,2018,P.Rest
1152,1958,1220,1958,1220,2018,1152,2018,10
1237,1958,1280,1958,1280,2013,1237,2013,%
1527,1962,1693,1962,1693,2026,1527,2026,2.273
571,1608,605,1608,605,1664,571,1664,1
712,1612,810,1612,810,1672,712,1672,1pc
823,1617,1032,1617,1032,1676,823,1676,Chicken
1049,1621,1117,1621,1117,1676,1049,1676,OR
1506,1621,1693,1621,1693,1681,1506,1681,15.909
