371,2123,542,2121,544,2177,375,2181,SUBTTL
1104,2121,1291,2121,1291,2176,1104,2176,437,600
373,2191,454,2191,454,2239,373,2239,SVC
482,2190,541,2189,539,2240,481,2241,5%
1135,2188,1294,2188,1298,2236,1137,2239,21,880
374,2253,448,2253,448,2302,374,2302,PB1
488,2252,564,2252,564,2301,488,2301,10%
1139,2248,1300,2248,1306,2305,1138,2307,45,948
320,1477,347,1477,347,1529,320,1529,3
377,1476,512,1476,512,1531,377,1531,Peach
540,1478,622,1478,622,1532,540,1532,Tea
1140,1485,1299,1484,1297,1546,1140,1546,44,400
321,1550,351,1549,350,1601,318,1600,4
373,1547,516,1549,515,1605,374,1603,Lemon
539,1548,630,1550,628,1607,541,1605,Tea
1136,1558,1296,1558,1296,1618,1136,1618,59,200
323,1617,340,1617,340,1671,323,1671,1
374,1616,567,1616,567,1672,374,1672,Chicken
596,1620,732,1620,732,1673,596,1673,Kazan
750,1618,896,1621,901,1687,756,1682,Curry
1134,1631,1297,1627,1303,1687,1134,1687,69,800
376,1688,432,1688,432,1738,376,1738,**
458,1707,487,1705,489,1734,458,1736,=
514,1680,630,1684,632,1751,513,1750,NUKE
651,1708,678,1708,678,1734,651,1734,=
1217,1720,1293,1720,1293,1732,1217,1732,---
320,1760,340,1760,340,1816,320,1816,1
376,1755,568,1755,568,1816,376,1816,Chicken
589,1759,816,1762,817,1816,589,1818,Karamiso
840,1764,1024,1761,1027,1824,840,1825,Special
1132,1768,1301,1763,1304,1829,1132,1829,54,800
316,1833,349,1831,351,1886,317,1888,2
376,1831,568,1831,568,1888,376,1888,Chicken
594,1834,704,1834,704,1888,594,1888,Shio
728,1830,920,1829,920,1895,727,1898,Special
1110,1835,1295,1835,1295,1897,1110,1897,109,600
320,1905,344,1905,344,1960,320,1960,1
376,1904,485,1904,485,1960,376,1960,Beef
511,1904,598,1907,595,1958,513,1963,Set
622,1906,648,1906,648,1960,622,1960,A
1132,1908,1298,1906,1298,1966,1132,1967,99,800
402,1982,430,1982,430,2024,402,2024,*
451,1975,572,1974,571,2031,454,2033,Beef
591,1974,804,1974,804,2039,589,2038,Sukiyaki
832,1976,971,1976,971,2034,832,2034,Ramen
998,1977,1050,1977,1050,2032,998,2032,Sh
1216,2001,1291,2001,1291,2014,1216,2014,---
400,2056,432,2056,432,2096,400,2096,*
455,2043,653,2045,652,2109,453,2110,Chicken
676,2050,815,2050,810,2111,674,2115,Gyoza
1216,2073,1288,2073,1288,2085,1216,2085,---
368,2382,644,2380,644,2438,368,2440,TOTAL
925,2379,1303,2379,1303,2440,925,2440,505,428
