258,633,281,633,281,669,258,669,3
294,635,330,635,330,671,294,671,SI
343,636,412,636,410,670,343,670,EKO
799,637,920,639,920,680,800,678,60,000
484,728,617,728,617,768,484,768,Subtotal
801,734,919,734,919,775,801,775,60,000
552,780,615,780,615,816,552,816,Pb1
821,782,920,782,920,824,821,824,6,000
510,836,618,836,618,874,510,875,Total
767,839,917,839,917,881,767,881,66,000
501,885,617,884,617,923,501,923,CASH
769,886,917,886,917,930,769,930,70,000
323,931,423,931,423,976,323,976,Cash
438,933,616,933,616,972,438,972,CHANGE
779,936,918,936,918,980,779,980,-4,000
441,979,527,979,527,1016,441,1016,Total
538,979,615,979,615,1016,538,1016,Item
904,984,919,984,919,1020,904,1020,1
460,1027,546,1026,546,1063,460,1064,Total
558,1028,617,1028,617,1072,558,1072,Qty
903,1033,923,1033,923,1069,903,1069,3
