268,588,320,588,320,612,268,612,Total
400,572,468,572,468,612,400,612,49,500
266,610,324,610,324,632,266,632,Kupon
400,610,468,613,467,638,399,635,50,000
216,660,262,660,262,684,216,684,Sisa
268,662,324,662,324,684,268,684,Bayar
432,666,470,666,470,688,432,688,500
104,770,118,770,118,790,104,790,6
124,768,188,768,188,792,124,792,Items,
70,302,82,302,82,322,70,322,2
114,300,168,300,168,322,114,322,Salad
172,300,238,300,238,324,172,324,Deluxe
402,300,471,296,473,321,404,325,17,272
68,328,82,328,82,346,68,346,2
112,326,196,326,196,348,112,348,Perkedel
404,324,468,324,468,350,404,350,11,818
68,354,78,354,78,372,68,372,1
114,350,190,350,190,374,114,374,Chicken
194,352,236,352,236,374,194,374,HCC,
246,352,290,352,290,374,246,374,1PCS
402,350,468,350,468,374,402,374,15,000
70,378,80,378,80,396,70,396,1
116,376,180,376,180,398,116,398,CHARGE
186,376,210,376,210,398,186,398,TA
430,374,466,374,466,396,430,396,909
226,426,262,426,262,450,226,450,Sub
266,428,320,428,320,450,266,450,Total
400,424,468,424,468,448,400,448,44,999
208,518,274,518,274,540,208,540,P.Rest
278,518,304,518,304,540,278,540,10
310,522,322,522,322,540,310,540,%
410,520,468,520,468,544,410,544,4,500
218,494,322,494,322,516,218,516,Pembulatan
452,498,464,498,464,516,452,516,1
