120,514,180,514,180,540,120,540,GYOZA
184,514,232,514,232,538,184,538,AYAM
238,512,306,512,306,538,238,538,GORENG
104,518,114,518,114,538,104,538,1
418,508,488,508,488,536,418,536,32,000
126,700,234,700,234,740,126,740,TOTAL
338,696,490,696,490,740,338,740,293,370
122,594,190,594,190,618,122,618,SUBTTL
410,590,490,590,490,616,410,616,254,000
122,620,160,620,160,644,122,644,SVC
164,620,192,620,192,644,164,644,5%
422,616,492,616,492,642,422,642,12,700
122,648,158,648,158,670,122,670,PB1
168,646,204,646,204,670,168,670,10%
422,642,492,642,492,668,422,668,26,670
122,540,168,540,168,566,122,566,OCHA
174,540,244,540,244,566,174,566,DINGIN
102,544,116,544,116,566,102,566,3
420,536,490,536,490,562,420,562,36,000
122,568,180,568,180,592,122,592,RAMEN
186,566,234,566,234,592,186,592,AYAM
238,564,318,564,318,590,238,590,SPECIAL
100,570,116,570,116,592,100,592,3
412,562,490,562,490,590,412,590,186,000
