200,764,212,764,212,778,200,778,:
500,756,512,756,512,772,500,772,:
42,560,56,560,56,582,42,582,1
64,554,130,554,130,582,64,582,SMOKY
136,552,178,552,178,580,136,580,PAN
182,551,275,545,277,573,184,579,CLASSIC
428,542,510,542,510,570,428,570,59,000
42,584,54,584,54,608,42,608,1
62,580,154,580,154,606,62,606,Chicken
160,575,252,578,251,605,159,603,Popcorn
430,566,512,566,512,594,430,594,29,000
59,627,163,624,164,653,60,656,SUBTOTAL
433,616,517,613,518,642,434,645,88,000
60,654,90,654,90,682,60,682,SC
96,654,128,654,128,680,96,680,5%
446,643,519,639,521,668,448,672,4,400
58,680,100,680,100,708,58,708,PB1
110,678,154,678,154,706,110,706,10%
448,669,521,665,523,695,450,699,9,240
59,730,185,726,186,758,60,761,TOTAL
343,723,525,717,526,749,344,754,101,640
58,758,124,758,124,786,58,786,Total
134,758,190,758,190,786,134,786,item
208,754,228,754,228,782,208,782,2
363,752,433,749,434,778,364,781,Total
442,750,488,750,488,778,442,778,Qty
508,748,528,748,528,776,508,776,2
