80,450,130,450,130,470,80,470,Kupon
134,452,146,452,146,470,134,470,9
386,454,434,454,434,476,386,476,8,182
78,474,128,474,128,494,78,494,Kupon
134,478,144,478,144,494,134,494,1
380,476,436,476,436,498,380,498,20,000
76,498,126,498,126,518,76,518,LARGE
130,498,170,498,170,518,130,518,ICED
172,498,220,498,220,518,172,518,LEMON
224,498,254,498,254,518,224,518,TEA
382,498,440,498,440,518,382,518,12,273
72,544,148,544,148,566,72,566,Subtotal
386,544,444,544,444,568,386,568,40,455
68,570,102,570,102,592,68,592,PB1
106,570,156,570,156,592,106,592,(10%)
396,568,446,568,446,590,396,590,4,046
64,622,116,622,116,644,64,644,Round
426,620,450,620,450,642,426,642,-1
62,650,106,650,106,672,62,672,Dine
110,650,134,650,134,672,110,672,In
138,650,188,650,188,672,138,672,Total
392,646,452,646,452,672,392,672,44,500
58,706,102,706,102,728,58,728,Cash
368,702,458,702,458,726,368,726,Rp. 50,000
381,757,465,754,466,777,382,780,Rp. 5.500
52,763,116,765,115,788,51,785,Change
