156,948,180,948,180,984,156,984,1
194,948,242,948,242,984,194,984,PR
256,947,420,952,419,990,254,985,ORIGINAL
433,947,535,961,529,1000,428,986,150gr
725,958,843,955,844,994,726,997,75,000
154,994,178,994,178,1032,154,1032,1
190,988,341,998,339,1039,188,1029,F.FRIES
356,1000,414,1000,414,1046,356,1046,(M)
824,1004,850,1004,850,1038,824,1038,0
150,1048,180,1048,180,1084,150,1084,1
190,1046,240,1046,240,1084,190,1084,ES
254,1046,324,1046,324,1086,254,1086,TEH
332,1047,440,1050,439,1089,331,1087,MANIS
740,1050,856,1050,856,1092,740,1092,10,000
148,1098,174,1098,174,1134,148,1134,1
186,1093,362,1100,361,1138,185,1132,MUSHROOM
372,1100,480,1100,480,1138,372,1138,SAUCE
834,1100,860,1100,860,1138,834,1138,0
53,1206,233,1203,234,1244,54,1246,Subtotal
748,1200,870,1200,870,1244,748,1244,85,000
52,1262,318,1262,318,1304,52,1304,Serv.Charge:
768,1254,871,1249,873,1294,770,1299,4,250
50,1320,120,1320,120,1362,50,1362,PB1
476,1310,586,1310,586,1352,476,1352,10.00
596,1310,624,1310,624,1350,596,1350,%
771,1306,875,1303,876,1348,772,1350,8,925
754,1414,879,1410,881,1453,756,1457,98,175
43,1438,161,1435,162,1477,44,1480,Total
