195,537,209,537,210,569,195,569,1
293,538,352,537,352,570,293,570,CHIC
362,538,448,538,448,567,362,567,NAMBAN
457,537,530,535,530,567,458,568,BENTO
693,532,782,531,784,563,694,565,58,000
251,572,336,573,339,603,249,603,SUBTTL
696,566,783,565,784,595,697,598,58,000
251,606,292,606,292,636,251,636,Pb1
309,606,353,604,354,637,310,636,10%
712,599,786,600,785,632,712,631,5,800
248,674,392,672,395,729,249,729,TOTAL
614,667,789,665,794,727,614,728,63,800
247,729,332,727,341,787,247,789,BCA
360,729,508,724,506,785,359,789,DEBIT
614,722,795,720,799,790,616,789,63,800
