143,742,243,742,243,767,143,767,VALUE
252,740,335,740,335,768,252,768,MEAL
346,740,362,740,362,768,346,768,1
628,747,644,747,644,774,628,774,1
771,744,880,744,880,780,771,780,29,090
144,792,156,792,156,808,144,808,-
178,782,341,782,341,812,178,812,SUGAKIYA
353,782,464,782,464,819,353,819,RAMEN
630,794,647,794,647,822,630,822,1
870,791,892,791,892,820,870,820,0
132,841,145,841,145,851,132,851,-
245,830,336,830,336,863,245,863,COLD
347,832,442,832,442,866,347,866,OCHA
633,843,651,843,651,873,634,873,1
878,842,900,842,900,872,878,872,0
798,918,903,918,906,957,800,959,29,090
82,966,151,965,148,1003,82,1003,PB1
161,968,296,968,296,1008,161,1008,10.00%
823,976,909,976,912,1018,823,1018,2,909
61,1094,231,1094,231,1144,61,1144,Rounding
873,1085,888,1085,888,1122,873,1122,1
48,1156,148,1156,145,1199,48,1199,Total
792,1142,880,1142,880,1186,792,1186,32,000
44,1215,131,1215,131,1265,44,1265,OVO
783,1211,873,1195,876,1235,785,1251,32,000
93,906,216,909,214,944,89,940,ITEMS:
223,909,252,909,252,943,223,943,3
