248,624,264,622,264,630,248,631,-
112,616,156,616,159,645,112,640,Gyro
165,614,242,613,242,640,164,640,Platter
272,612,331,614,329,643,272,640,Large
473,612,547,611,544,639,475,641,72,727
109,669,200,669,201,696,109,696,Subtotal
474,665,547,665,544,699,480,699,72,727
108,728,191,727,190,752,107,753,PB1-TAX
193,726,241,725,236,756,195,753,Tax
488,728,550,724,550,754,490,755,7,273
106,817,143,819,143,842,105,844,For
152,816,198,818,199,843,150,844,Here
206,815,266,816,266,840,208,841,Total
482,811,550,811,550,840,480,843,80,000
104,876,166,878,162,906,105,906,GoPay
482,872,552,871,552,899,481,902,80,000
