84,474,214,474,214,524,84,524,TOTAL
364,472,532,472,532,534,364,534,90,000
82,526,140,526,140,554,82,554,CASH
436,526,530,526,530,556,436,556,100,000
84,560,242,560,242,608,84,608,CHANGE
370,556,532,556,532,618,370,618,10,000
68,320,80,320,80,344,68,344,1
90,318,158,318,158,344,90,344,TWIST
166,318,232,318,232,344,166,344,DONUT
454,316,524,316,524,346,454,346,9,000
64,348,82,348,82,374,64,374,4
88,348,144,348,144,376,88,376,PAIN
152,348,182,348,182,374,152,374,AU
190,348,244,348,244,376,190,376,CAFE
252,348,320,348,320,376,252,376,MOCHA
442,348,524,348,524,376,442,376,46,000
66,382,78,382,78,404,66,404,1
88,378,168,378,168,406,88,406,POTATO
176,378,270,378,270,406,176,406,SAUSAGE
278,378,346,378,346,406,278,406,BREAD
446,378,526,378,526,408,446,408,19,000
64,412,76,412,76,438,64,438,1
86,410,154,410,154,438,86,438,ROYAL
162,410,244,410,244,438,162,438,CHEESE
252,408,308,408,308,438,252,438,TART
446,410,528,410,528,440,446,440,16,000
