114,402,124,402,124,418,114,418,1
130,396,184,396,184,418,130,418,CHOCO
186,396,262,396,262,420,186,420,CUSTARD
264,398,328,398,328,422,264,422,PASTRY
404,402,464,402,464,426,404,426,12,000
110,422,122,422,122,440,110,440,1
126,418,172,418,172,442,126,442,NOIR
176,420,232,420,232,444,176,444,PIZZA
236,420,290,420,290,444,236,444,BREAD
406,426,464,426,464,450,406,450,16,000
124,467,228,470,227,511,123,508,TOTAL
341,474,461,474,461,516,341,516,28,000
122,508,168,508,168,532,122,532,CASH
392,514,464,514,464,538,392,538,100,000
120,533,246,536,245,577,119,574,CHANGE
344,538,464,538,464,580,344,580,72,000
