144,560,180,560,180,590,144,590,ES
182,558,241,555,243,585,184,588,TEH
248,554,355,549,357,580,250,585,TAWAR
84,566,104,566,104,594,84,594,2
594,538,703,532,705,566,596,572,10,910
588,764,722,764,722,800,588,800,138,185
74,806,134,806,134,834,74,834,VAT
140,806,206,806,206,834,140,834,10%
608,798,722,798,722,834,608,834,13,819
68,866,204,871,203,904,67,899,Rounding
690,868,724,868,724,896,690,896,-4
60,900,138,899,137,933,60,932,Total
594,902,730,902,730,938,594,938,152,000
58,932,156,935,155,969,57,965,DEBIT
164,936,248,936,248,968,164,968,BCA:
595,938,729,934,730,970,596,973,152,000
76,774,188,774,188,804,76,804,ITEMS:
184,774,202,774,202,802,184,802,7
142,594,237,585,239,615,144,624,Lychee
242,586,298,586,298,614,242,614,Tea
86,598,102,598,102,624,86,624,1
612,569,705,564,707,597,614,603,9,091
142,620,253,615,255,645,144,650,FROZEN
259,613,413,606,415,637,260,645,CAPUCINO
84,626,102,626,102,652,84,652,1
597,600,709,596,710,630,598,633,15,455
144,650,182,650,182,680,144,680,NS
187,649,285,644,287,676,188,680,BISTIK
291,644,355,641,357,671,292,674,AYM
360,642,403,638,406,669,363,673,TP
84,656,100,656,100,682,84,682,1
597,632,711,628,712,663,598,667,35,455
142,680,279,675,280,705,144,711,NS+AYAM
290,674,332,674,332,704,290,704,GR
337,672,411,669,412,700,338,703,RICA
82,684,100,684,100,712,82,712,1
599,664,713,660,714,695,600,699,35,455
141,711,303,706,304,737,142,742,KWETIAUW
310,706,376,706,376,736,310,736,AYM
382,702,448,702,448,734,382,734,SRM
82,716,100,716,100,744,82,744,1
602,696,716,696,716,732,602,732,31,819
