298,527,350,527,350,554,298,555,UDG
358,528,392,528,392,557,359,557,GR
400,529,465,531,464,560,401,557,TLUR
476,531,536,530,536,558,475,559,ASIN
257,529,272,528,270,554,256,554,1
563,531,668,531,668,562,561,562,165,000
316,561,463,561,463,591,316,591,=*MEDIUM*=
300,593,361,593,362,620,300,619,SAPO
374,594,407,595,408,620,374,620,TH
417,594,525,594,525,622,417,622,SEAFOOD
257,594,271,594,272,619,257,619,1
564,597,662,596,663,623,564,624,129,000
316,626,467,626,467,651,316,651,=*MEDIUM*=
299,656,361,658,360,685,298,684,CUMI
371,659,409,659,408,686,370,686,GR
417,660,509,660,509,686,417,686,JUNJAN
257,660,269,659,270,683,257,684,1
562,660,663,660,662,690,562,690,129,000
315,690,461,690,461,718,315,718,=*MEDIUM*=
297,724,376,723,378,749,298,750,BIHUN
388,723,479,724,478,750,387,749,GORENG
488,722,521,723,519,749,487,750,JJ
257,724,269,723,270,749,257,749,1
572,724,663,720,663,752,571,755,87,000
313,755,461,754,462,780,314,782,=*MEDIUM*=
294,788,376,788,377,814,296,814,OYONG
387,789,405,788,404,813,386,814,3
415,787,492,786,492,814,415,815,TELOR
256,789,269,788,270,813,257,813,1
575,788,662,788,663,818,575,818,84,000
312,818,460,819,463,847,311,849,=*MEDIUM*=
298,852,389,851,390,880,297,879,GURAME
398,851,490,849,492,877,399,879,FILLET
500,852,521,852,521,877,499,877,M
257,855,267,853,266,878,255,877,1
562,851,664,851,664,885,562,885,163,000
310,885,373,885,374,913,310,914,ASAM
383,885,463,885,463,910,383,910,MANIS
293,919,405,918,404,944,293,945,CHINESE
412,917,449,915,448,945,411,945,TE
249,919,271,919,272,943,250,944,2
573,917,665,918,665,949,574,948,28,000
474,916,562,916,562,949,476,949,14,000
308,950,462,951,463,979,309,979,CRYSANTNUM
250,950,271,951,271,977,249,978,2
293,983,358,982,358,1010,293,1013,NASI
368,984,446,983,446,1011,368,1012,PUTIH
249,987,269,985,269,1010,249,1011,8
574,983,667,983,666,1016,573,1017,80,000
474,983,564,983,562,1016,473,1015,10,000
293,1015,346,1015,342,1045,294,1046,HOT
351,1016,403,1016,403,1044,351,1044,TEA
251,1017,267,1018,266,1042,250,1044,3
574,1020,674,1020,674,1048,574,1048,36,000
430,1017,521,1020,521,1049,429,1047,12,000
294,1046,360,1046,360,1079,294,1079,ICED
370,1048,419,1048,419,1078,370,1078,TEA
250,1048,265,1048,265,1076,250,1076,3
574,1051,663,1051,663,1080,574,1080,36,000
446,1048,533,1048,533,1081,446,1081,12,000
295,1119,354,1119,354,1144,295,1144,FOOD
559,1116,667,1117,668,1151,557,1149,757,000
293,1148,432,1149,431,1176,292,1179,BEVERAGES
561,1151,665,1150,665,1181,562,1182,100,000
293,1180,387,1179,386,1207,294,1209,OTHERS
572,1183,665,1183,666,1215,574,1215,80,000
293,1212,415,1214,416,1243,292,1242,SUBTOTAL
560,1215,665,1216,666,1248,561,1248,937,000
294,1246,402,1246,401,1277,293,1275,SERVICE
411,1248,503,1248,504,1275,411,1275,CHARGE
573,1249,665,1248,665,1281,572,1282,56,220
294,1277,345,1277,345,1310,294,1310,Tax
356,1280,398,1280,398,1306,356,1306,10%
574,1281,666,1281,666,1313,574,1314,99,322
290,1310,357,1311,358,1366,291,1363,DU
382,1310,651,1315,652,1371,383,1371,1,092,542
