116,430,134,430,134,446,116,446,Rp
260,424,280,424,280,442,260,442,Rp
250,492,270,492,270,508,250,508,Rp
278,518,296,518,296,534,278,534,Rp
81,415,159,410,161,427,82,433,2005-CHEESE
162,410,194,410,194,428,162,428,JOHN
136,428,194,428,194,446,136,446,9.500,00
214,426,232,426,232,442,214,442,x1
281,422,341,419,342,439,282,442,9.500,00
90,496,132,496,132,512,90,512,Total.
269,489,329,486,330,503,270,506,9.500,00
85,466,123,463,125,480,86,483,Total
126,464,162,464,162,480,126,480,Item:
224,462,234,462,234,476,224,476,1
92,512,122,512,122,526,92,526,Cash
92,526,154,526,154,540,92,540,Tendered:
297,518,355,515,356,530,298,533,9.500,00
