62,352,72,352,72,372,62,372,1
110,348,138,348,138,370,110,370,SB
144,350,156,350,156,370,144,370,1
162,346,190,346,190,370,162,370,HC
404,342,472,342,472,366,404,366,27,727
62,378,74,378,74,398,62,398,1
112,374,170,374,170,396,112,396,Cream
174,374,222,374,222,396,174,396,Soup
414,368,474,368,474,392,414,392,8,182
228,422,264,422,264,444,228,444,Sub
268,422,324,422,324,442,268,442,Total
404,418,474,418,474,442,404,442,35,909
204,494,274,494,274,518,204,518,P.Rest
280,494,306,494,306,518,280,518,10
314,498,326,498,326,514,314,514,%
418,494,476,494,476,518,418,518,3,591
268,568,326,568,326,592,268,592,Total
410,548,482,548,482,592,410,592,39,500
268,592,330,592,330,616,268,616,Kupon
412,592,484,592,484,618,412,618,10,000
280,618,352,618,352,644,280,644,T-CASH
412,620,486,620,486,646,412,646,29,500
90,792,106,792,106,816,90,816,2
112,792,182,792,182,816,112,816,Items,
