41,906,139,903,140,944,42,946,Total
660,894,797,901,795,944,658,938,42,000
127,940,227,932,230,975,131,984,Cash
238,930,385,920,388,965,241,975,102,000
43,946,122,952,118,995,39,989,Pay
505,931,664,948,660,986,501,968,Change :
662,943,789,947,787,988,660,984,60,000
39,860,197,851,199,896,42,905,ITEMS:
200,852,220,852,220,892,200,892,1
52,732,74,732,74,774,52,774,1
137,730,307,727,308,768,138,770,Seaweed
316,728,460,728,460,766,316,766,Chicken
659,731,793,731,793,775,659,775,42,000
50,780,72,780,72,818,50,818,1
130,777,275,771,277,810,132,815,- Pedas
283,773,401,770,402,807,284,810,sedikit
770,780,798,780,798,818,770,818,0
660,852,797,858,795,901,658,895,42,000
