344,876,364,876,364,898,344,898,x
328,874,340,874,340,896,328,896,1
364,872,394,872,394,900,364,900,HZ
396,874,456,874,456,900,396,900,CHOCO
458,876,486,876,486,902,458,902,M1
492,876,528,876,528,900,492,900,(L)
532,872,616,872,616,900,532,900,TOPPING
786,858,859,852,862,882,788,888,27,000
366,910,444,910,444,938,366,938,CRYSTAL
448,910,522,910,522,936,448,936,COFFEE
524,908,586,908,586,936,524,936,JELLY
590,906,646,906,646,934,590,934,(L)
798,893,861,889,863,919,800,923,4,000
366,944,404,944,404,972,366,972,ICE
406,944,458,944,458,972,406,972,LESS
844,926,864,926,864,954,844,954,0
284,1016,324,1016,324,1046,284,1046,SUB
328,1016,384,1016,384,1044,328,1044,TOTAL
789,1004,865,1001,867,1032,790,1035,31,000
284,1090,344,1090,344,1120,284,1120,TOTAL
348,1088,408,1088,408,1118,348,1118,SALES
796,1078,868,1078,868,1108,796,1108,31,000
284,1128,344,1128,344,1158,284,1158,TOTAL
348,1126,408,1126,408,1154,348,1154,ITEMS
852,1114,868,1114,868,1144,852,1144,1
284,1166,336,1166,336,1192,284,1192,CASH
796,1152,868,1152,868,1182,796,1182,51,000
284,1200,354,1200,354,1230,284,1230,CHANGE
798,1190,868,1190,868,1220,798,1220,20,000
