82,468,100,468,100,490,82,490,2
114,468,160,468,160,492,114,492,Aqua
164,468,232,468,232,490,164,490,MinWtr
236,468,292,468,292,490,236,490,330ml
422,470,486,470,486,494,422,494,11,818
232,602,310,602,310,642,232,642,Total:
406,603,497,606,495,656,404,653,13,000
290,654,348,654,348,676,290,676,cash:
428,656,496,656,496,686,428,686,50,000
260,679,339,685,337,710,258,703,Change:
418,684,488,684,488,712,418,712,37,000
236,518,332,521,331,544,235,541,SubTotal:
412,522,480,522,480,548,412,548,11,818
288,548,332,548,332,570,288,570,PB1:
422,550,478,550,478,576,422,576,1,182
