1092,2141,1284,2141,1284,2205,1092,2205,Total:
1617,2133,1813,2133,1813,2201,1617,2201,30,000
1092,2218,1284,2218,1284,2282,1092,2282,DEBIT:
1619,2210,1820,2202,1823,2274,1622,2282,30,000
1062,2368,1288,2368,1288,2436,1062,2436,CHANGE:
1783,2359,1826,2359,1826,2423,1783,2423,0
1002,2065,1284,2065,1284,2133,1002,2133,Subtotal:
1617,2056,1813,2056,1813,2129,1617,2129,30,000
1152,1988,1284,1988,1284,2056,1152,2056,PB1:
1770,1984,1813,1984,1813,2048,1770,2048,0
550,1646,622,1646,622,1706,550,1706,1X
640,1642,814,1642,814,1702,640,1702,M-Ice
836,1638,1006,1638,1006,1693,836,1693,Cream
1026,1630,1164,1624,1167,1686,1028,1692,Milk
1186,1625,1262,1625,1262,1685,1186,1685,Te
1284,1621,1518,1621,1518,1685,1284,1685,@30,000
1629,1617,1834,1617,1834,1681,1629,1681,30,000
618,1710,691,1710,691,1762,618,1762,Fr
708,1706,913,1706,913,1762,708,1762,Konjac
622,1766,733,1766,733,1830,622,1830,70%
627,1838,763,1838,763,1907,627,1907,Less
780,1838,887,1838,887,1902,780,1902,Ice
