652,1506,691,1506,691,1557,652,1557,1
746,1510,878,1510,878,1565,746,1565,IKAN
896,1512,1093,1519,1091,1575,894,1569,GURAME
1109,1523,1216,1523,1216,1578,1109,1578,REG
1292,1527,1518,1527,1518,1587,1292,1587,118,000
768,1574,878,1574,878,1629,768,1629,TIM
892,1576,1149,1585,1147,1643,890,1634,HONGKONG
768,1642,844,1642,844,1693,768,1693,NO
858,1641,1030,1649,1027,1706,856,1699,MICIN
640,1766,678,1766,678,1817,640,1817,1
731,1764,902,1775,899,1832,727,1820,POCAI
921,1779,960,1779,960,1830,921,1830,3
981,1776,1149,1784,1147,1841,979,1834,TELUR
1314,1792,1514,1792,1514,1851,1314,1851,72,000
635,1830,674,1830,674,1881,635,1881,1
729,1834,836,1834,836,1894,729,1894,UDG
853,1843,930,1843,930,1894,853,1894,GR
947,1840,1239,1852,1236,1911,945,1900,MAYONAISE
1288,1854,1515,1860,1514,1923,1287,1917,147,000
755,1907,1083,1907,1083,1962,755,1962,=*MEDIUM*=
631,1966,665,1966,665,2018,631,2018,1
722,1965,863,1971,861,2029,719,2023,TAHU
883,1975,989,1975,989,2030,883,2030,JPG
1006,1979,1053,1979,1053,2030,1006,2030,S
1070,1984,1173,1984,1173,2035,1070,2035,TRM
1314,1987,1515,1992,1514,2056,1312,2050,78,000
751,2032,1081,2046,1078,2106,749,2091,=*MEDIUM*=
618,2099,665,2099,665,2154,618,2154,2
713,2100,855,2107,852,2164,710,2158,NASI
874,2112,1049,2112,1049,2167,874,2167,PUTIH
1066,2116,1297,2116,1297,2180,1066,2180,@10,000
1314,2124,1514,2124,1514,2184,1314,2184,20,000
614,2171,661,2171,661,2222,614,2222,2
712,2171,789,2171,789,2231,712,2231,ES
810,2176,921,2176,921,2235,810,2235,TEH
938,2180,1049,2180,1049,2235,938,2235,TAW
708,2241,1046,2248,1045,2308,707,2301,GUILINGGAO
1067,2181,1298,2188,1296,2252,1064,2244,@12,000
1314,2187,1520,2193,1518,2256,1312,2251,24,000
610,2312,648,2312,648,2363,610,2363,1
705,2309,855,2317,852,2376,701,2368,OPEN
870,2316,1105,2316,1105,2376,870,2376,DESSERT
1314,2329,1518,2329,1518,2393,1314,2393,26,000
699,2457,938,2457,938,2517,699,2517,MANDIRI
964,2461,1105,2461,1105,2521,964,2521,DISC
1122,2466,1233,2466,1233,2525,1122,2525,25%
1288,2470,1548,2470,1548,2534,1288,2534,121,250 -
691,2606,840,2606,840,2666,691,2666,FOOD
1284,2613,1524,2619,1522,2687,1282,2681,415,000
687,2675,1003,2680,1002,2744,686,2738,BEVERAGES
1314,2687,1524,2692,1522,2760,1312,2754,50,000
686,2756,896,2756,896,2816,686,2816,OTHERS
1314,2764,1523,2764,1523,2833,1314,2833,20,000
682,2905,789,2905,789,2961,682,2961,TAX
1309,2914,1518,2914,1518,2978,1309,2978,48,500
678,2978,921,2978,921,3037,678,3037,SERVICE
942,2982,1156,2982,1156,3037,942,3037,CHARGE
1305,2982,1514,2982,1514,3046,1305,3046,29,100
682,2826,961,2833,959,2895,681,2888,SUBTOTAL
1280,2837,1518,2837,1518,2905,1280,2905,363,750
674,3050,878,3050,878,3140,674,3140,DUE
1011,3050,1472,3050,1472,3153,1011,3153,441,350
