76,378,190,378,190,413,76,413,4808539
320,378,434,378,435,411,320,412,TALKING
447,374,582,374,578,412,447,411,ACTIVITY
594,368,636,368,636,408,594,408,BK
77,426,96,426,98,457,78,457,1
316,424,434,424,434,464,316,464,254,500
611,421,724,421,724,459,611,459,254,500
81,469,150,469,150,508,81,508,1500
318,466,421,467,423,503,318,503,KERTAS
429,465,500,465,502,502,428,501,KADO
516,467,579,465,580,502,516,501,1500
73,519,98,518,99,547,73,548,1
351,514,438,514,438,554,351,554,1,500
644,513,725,513,725,550,643,551,1,500
78,652,215,652,215,688,78,688,SUBTOTAL
613,649,729,649,729,689,613,689,256,000
80,600,147,600,147,647,80,647,Item
255,602,274,602,274,645,255,645,2
289,609,343,608,344,648,289,650,Qty
452,608,471,607,472,639,452,638,2
79,698,162,698,162,731,78,731,TOTAL
614,692,726,692,726,740,614,740,256,000
79,741,147,741,147,779,79,779,CASH
614,743,729,743,729,782,614,782,256,000
74,789,195,789,196,823,74,825,KEMBALI
699,786,728,786,728,818,699,818,0
