176,748,346,750,345,790,175,787,TRIPPLE
354,752,518,752,518,788,354,788,CHEESE
180,812,200,812,200,848,180,848,1
332,810,454,810,454,850,332,850,17,000
902,808,1030,808,1030,848,902,848,17,000
132,896,222,896,222,934,132,934,SUB
226,896,360,896,360,934,226,934,TOTAL
904,894,1032,894,1032,936,904,936,17,000
129,1018,417,1013,418,1052,130,1057,GRAND TOTAL
906,1018,1034,1018,1034,1060,906,1060,17,000
126,1108,258,1108,258,1148,126,1148,FLAZZ
263,1106,357,1103,358,1142,264,1145,1038
908,1112,1036,1112,1036,1154,908,1154,17,000
123,1202,305,1196,306,1236,124,1242,CHANGE
311,1197,399,1194,401,1233,312,1236,DUE
1008,1208,1036,1208,1036,1244,1008,1244,0
