56,272,145,273,145,290,56,292,CINNAMON
146,275,201,274,202,290,145,290,SUGAR
60,298,70,298,70,314,60,314,1
116,296,168,296,168,314,116,314,17,000
334,296,386,296,386,314,334,314,17,000
40,328,76,330,76,346,40,346,SUB
78,330,129,329,129,345,77,347,TOTAL
336,328,388,328,388,346,336,346,17,000
36,376,99,377,99,394,36,394,GRAND
99,377,152,377,152,393,99,393,TOTAL
338,374,392,374,392,394,338,394,17,000
34,410,93,411,93,429,34,430,TCASH
94,412,132,412,133,429,93,429,5236
340,410,394,410,394,430,340,430,17,000
32,448,107,447,107,467,32,468,CHANGE
107,448,145,448,145,466,107,466,DUE
382,448,394,448,394,466,382,466,0
