230,967,478,970,477,1057,229,1054,TOTAL
709,973,1027,969,1028,1061,710,1066,110,000
232,1060,338,1060,338,1106,232,1106,CASH
872,1059,1037,1052,1039,1098,874,1105,100,000
232,1117,338,1117,338,1163,232,1163,CASH
880,1111,1047,1104,1049,1154,882,1161,100,000
228,1178,536,1170,539,1261,230,1269,CHANGE
766,1170,1060,1162,1063,1258,769,1267,90,000
182,598,204,598,204,636,182,636,1
224,595,393,602,391,646,222,639,SAUSAGE
410,602,526,602,526,646,410,646,DONUT
856,603,988,603,988,649,856,649,13,000
182,648,204,648,204,686,182,686,1
228,646,302,652,299,695,225,689,TLJ
320,654,530,654,530,700,320,700,CROQUETTE
858,658,990,658,990,704,858,704,17,000
178,700,208,700,208,740,178,740,2
228,700,395,707,393,751,226,744,CORONET
855,714,991,711,992,758,856,760,27,000
178,752,208,752,208,792,178,792,2
228,753,375,758,373,801,226,796,SPOOKY
394,758,536,762,535,805,393,802,SOBORO
860,766,996,766,996,810,860,810,24,000
184,804,204,804,204,844,184,844,1
228,803,448,809,447,855,227,849,SCREAMING
464,812,538,812,538,856,464,856,RED
556,814,652,814,652,858,556,858,BEAN
870,816,1002,816,1002,860,870,860,13,000
184,858,206,858,206,898,184,898,1
230,856,356,860,355,905,229,902,PIZZA
374,862,496,862,496,906,374,906,TOAST
874,866,1010,866,1010,912,874,912,16,000
