34,439,132,444,131,467,32,462,Avocado
134,444,182,444,182,466,134,466,with
184,446,238,446,238,466,184,466,Rock
240,446,326,446,326,466,240,466,Salt and
34,470,106,470,106,492,34,492,Cocoa
108,471,180,474,179,495,107,491,Cream
182,472,216,472,216,496,182,496,[L]
428,446,440,446,440,464,428,464,1
460,444,540,444,540,466,460,466,27,273
32,498,92,498,92,522,32,522,Total
444,502,540,502,540,530,444,530,27,273
30,538,76,538,76,560,30,560,PB1
476,538,544,538,544,562,476,562,2,727
28,572,102,572,102,596,28,596,Grand
104,572,162,572,162,596,104,596,Total
430,574,546,574,546,608,430,608,30,000
72,622,140,622,140,646,72,646,CASH
466,619,546,622,545,649,465,646,50,000
22,678,114,682,113,706,21,703,Change
468,674,548,674,548,700,468,700,20,000
