61,638,203,634,204,668,62,671,TOTAL
430,634,516,634,516,668,430,668,18,000
57,674,175,671,176,703,58,706,CASH
428,669,518,669,518,701,428,701,20,000
57,709,231,705,232,739,58,743,CHANGE
444,704,518,704,518,738,444,738,2,000
62,364,126,364,126,392,62,392,KEJU
136,364,196,364,196,392,136,392,SUSU
424,361,510,361,510,391,424,391,11,000
62,398,126,398,126,426,62,426,DISC
136,398,196,398,196,426,136,426,ITEM
394,396,510,396,510,426,394,426,-20.000%
62,430,152,430,152,460,62,460,AMOUNT
424,428,510,428,510,460,424,460,-2,200
61,464,151,462,152,493,62,496,PISANG
162,464,222,464,222,494,162,494,KEJU
426,462,512,462,512,494,426,494,11,500
60,500,124,500,124,530,60,530,DISC
134,498,194,498,194,528,134,528,ITEM
396,496,514,496,514,526,396,526,-20.000%
59,534,149,531,150,563,60,566,AMOUNT
424,529,514,529,514,561,424,561,-2,300
57,568,163,565,164,597,58,600,PLASTIK
174,566,248,566,248,596,174,596,KECIL
496,566,514,566,514,594,496,594,0
57,604,177,600,178,632,58,635,SUBTOTAL
430,600,516,600,516,632,430,632,18,000
