184,480,202,480,202,504,184,504,1
214,478,318,478,318,506,214,506,Grilled
326,480,401,484,399,510,325,507,Dorry
408,478,470,478,470,506,408,506,Fish
630,468,724,468,724,500,630,500,42,000
186,506,204,506,204,532,186,532,1
214,506,264,506,264,534,214,534,Set
270,507,333,510,331,536,269,533,Menu
340,508,430,508,430,536,340,536,Family
617,498,723,495,724,528,618,531,318,000
184,534,202,534,202,560,184,560,1
214,532,305,540,303,570,211,563,Teppan
312,536,418,536,418,562,312,562,Seafood
422,534,486,534,486,562,422,562,Udon
630,526,724,526,724,560,630,560,38,000
212,590,334,590,334,618,212,618,SUBTOTAL
618,584,726,584,726,616,618,616,398,000
212,620,276,620,276,648,212,648,Disc
288,620,334,620,334,648,288,648,10%
342,620,388,620,388,648,342,648,XXI
620,614,726,614,726,646,620,646,39,800)
212,648,246,648,246,676,212,676,SC
256,648,290,648,290,676,256,676,6%
634,644,728,644,728,676,634,676,21,492
212,678,260,678,260,708,212,708,PB1
272,678,320,678,320,706,272,706,10%
636,674,728,674,728,706,636,706,41,949
213,736,359,733,360,765,214,768,TOTAL
528,729,726,733,725,768,527,764,421,641
210,796,260,796,260,826,210,826,BCA
270,794,334,794,334,824,270,824,Card
624,792,730,792,730,826,624,826,421,641
