58,472,182,472,182,504,58,504,Croisant
192,474,254,474,254,506,192,506,Mini
266,476,340,476,340,510,266,510,(NAM)
424,480,456,480,456,510,424,510,1x
496,482,586,482,586,516,496,516,18,000
668,486,760,486,760,520,668,520,18,000
60,542,112,542,112,574,60,574,Sub
120,542,198,542,198,574,120,574,Total
664,556,756,556,756,590,664,590,18,000
350,616,424,616,424,648,350,648,GRAND
434,618,508,618,508,648,434,648,TOTAL
660,623,751,627,749,660,658,656,18,000
138,680,202,680,202,710,138,710,CASH
642,692,744,692,744,724,642,724,100,000
416,786,504,786,504,816,416,816,CHANGE
648,787,736,790,735,821,647,819,82,000
