188,876,208,876,208,914,188,914,1
265,874,389,874,389,914,265,914,Sprite
410,868,476,868,476,910,410,910,(L).
847,862,969,859,970,899,848,902,25,000
184,924,208,924,208,964,184,964,1
264,922,370,922,370,962,264,962,Lemon
384,918,448,918,448,958,384,958,Tea
468,916,536,916,536,958,468,958,(L).
849,909,971,906,972,947,850,950,25.000
180,974,208,974,208,1012,180,1012,2
262,970,368,970,368,1012,262,1012,Extra
384,964,488,964,488,1006,384,1006,Jelly
500,964,636,964,636,1004,500,1004,Lychee.
853,956,973,953,974,995,854,998,10,000
586,1092,690,1092,690,1136,586,1136,TOTAL
856,1052,986,1052,986,1132,856,1132,60.000
170,1216,263,1213,264,1258,172,1261,CASH
852,1194,991,1187,993,1232,854,1239,100.000
168,1270,323,1263,325,1310,170,1317,CHANGED
872,1245,997,1239,999,1283,874,1289,40,000
