144,788,158,788,158,814,144,814,1
202,786,332,786,332,814,202,814,Seaweed
336,784,446,784,446,814,336,814,Chicken
592,786,682,786,682,816,592,816,42,000
144,816,158,816,158,842,144,842,1
203,808,328,819,325,848,200,837,- Sedang
668,812,686,812,686,840,668,840,0
140,898,214,898,214,924,140,924,Total.
590,896,682,896,682,924,590,924,42,000
138,868,250,868,250,898,138,898,ITEMS:
248,870,264,870,264,896,248,896,1
140,924,230,924,230,952,140,952,DEBIT
236,924,312,924,312,952,236,952,BCA:
590,922,680,922,680,952,590,952,42,000
591,868,681,868,681,898,591,898,42,000
