608,1003,693,1004,692,1035,608,1035,TOTAL
789,1007,892,1007,892,1040,789,1040,23,400
603,1047,691,1048,691,1082,604,1082,TUNAI
789,1053,890,1053,890,1088,789,1088,50,000
573,1089,690,1091,692,1129,571,1128,KEMBALI
791,1100,895,1100,895,1136,791,1136,26,600
217,745,312,745,312,774,217,774,WALL'S
324,741,393,740,392,772,323,774,BABY
404,744,483,744,483,774,404,774,SHARK
498,742,530,742,530,775,498,775,60
597,744,608,744,608,773,597,773,1
653,742,722,742,721,773,653,774,3000
800,741,883,741,883,772,800,772,3,000
525,910,613,909,612,948,525,948,HARGA
624,911,690,910,690,947,623,947,JUAL
783,914,888,916,888,950,783,949,23,400
553,1137,628,1138,629,1171,554,1172,PPN=
636,1141,728,1142,725,1176,636,1175,2,127
212,783,313,784,315,819,212,819,MAGNUM
326,786,375,785,376,817,325,815,WHT
389,787,469,785,468,817,388,816,ALMND
482,784,514,784,514,816,482,816,80
597,786,607,786,607,814,597,814,1
644,786,719,786,719,814,644,814,15000
788,784,885,784,885,814,788,814,15,000
215,827,309,827,309,864,215,864,WALL'S
323,827,407,825,407,859,320,860,FEAST
420,826,531,826,531,856,420,856,VNILA65
596,824,608,824,608,855,596,855,1
654,824,723,825,723,858,654,858,5400
799,825,886,824,886,859,798,859,5,400
