114,536,172,537,172,564,113,563,Incl.
194,539,232,538,231,562,191,563,10%
448,544,513,544,513,570,448,570,2,955
112,419,229,418,232,465,109,463,TOTAL
364,420,514,419,513,467,360,471,32,500
112,463,164,463,164,489,112,489,CASH
423,467,514,466,515,494,422,495,100,000
114,493,257,493,257,538,114,538,CHANGE
361,494,514,495,514,544,362,545,67,500
91,361,108,361,108,386,91,386,1
117,358,199,358,199,389,116,387,GANACHE
207,361,279,362,278,388,205,388,MOUSSE
286,361,347,361,346,388,286,388,PIECE
431,362,505,361,508,390,429,394,32,500
