170,754,184,754,184,782,170,782,1
196,752,274,752,274,784,196,784,GYOZA
284,752,350,752,350,784,284,784,AYAM
360,752,454,752,454,786,360,786,GORENG
616,758,716,758,716,792,616,792,32,000
164,788,186,788,186,818,164,818,2
196,788,260,788,260,820,196,820,OCHA
270,788,364,788,364,820,270,820,HANGAT
616,794,714,794,714,828,616,828,24,000
170,828,184,828,184,856,170,856,1
196,826,258,826,258,858,196,858,OCHA
270,826,364,826,364,858,270,858,DINGIN
618,832,714,832,714,866,618,866,12,000
164,862,184,862,184,892,164,892,3
194,862,274,862,274,894,194,894,RAMEN
284,862,350,862,350,894,284,894,AYAM
358,862,470,864,469,898,357,895,SPECIAL
602,868,712,868,712,902,602,902,186,000
194,897,288,900,287,933,193,930,SUBTTL
600,903,712,906,711,941,599,939,254,000
194,936,244,936,244,968,194,968,SVC
254,938,290,938,290,968,254,968,5%
616,942,710,942,710,976,616,976,12,700
194,974,244,974,244,1006,194,1006,PB1
258,974,304,974,304,1006,258,1006,10%
614,978,710,978,710,1012,614,1012,26,670
192,1042,350,1046,349,1108,190,1105,TOTAL
490,1048,712,1048,712,1112,490,1112,293,370
190,1103,322,1106,321,1164,189,1161,BCAD
488,1105,710,1108,709,1173,487,1171,293,370
