120,396,133,395,133,422,120,422,1
146,397,214,397,214,424,146,424,Mocha
478,397,559,396,559,423,478,424,47,273
120,428,134,428,134,455,120,455,1
148,429,267,429,267,455,148,455,Cappucino
478,428,557,428,557,456,478,456,36,364
121,459,136,459,136,487,121,487,1
149,461,189,461,189,487,149,487,Ice
200,462,240,462,241,486,200,486,Tea
542,460,558,460,558,488,542,488,0
149,492,160,492,160,518,150,519,1
176,493,215,493,215,518,176,518,Ice
228,494,266,494,266,519,228,519,Tea
280,494,345,494,345,519,280,519,Lemon
475,489,551,489,551,519,475,519,29,091
120,520,136,520,136,548,120,548,1
148,525,215,524,215,549,147,549,Lemon
227,526,295,526,295,552,227,552,Juice
474,526,555,526,555,552,474,552,36,364
123,556,136,556,136,580,123,580,1
149,556,228,556,230,584,150,584,Croque
241,556,291,556,291,581,241,582,Mme.
539,557,554,558,554,582,539,582,0
152,588,161,587,162,612,152,613,1
177,588,216,588,216,613,177,613,Mme
229,588,280,588,280,612,229,612,Beef
474,587,552,587,552,616,474,616,87,273
125,616,136,616,136,641,125,641,1
152,618,230,618,230,642,152,642,Caesar
242,619,307,619,307,642,242,642,Salad
474,618,552,618,552,644,474,644,72,727
125,648,137,648,137,672,125,672,1
152,649,230,649,230,673,152,672,Canele
246,648,315,649,315,673,246,673,(Mini)
474,649,553,651,552,675,473,674,31,818
268,708,368,708,368,734,268,734,Subtotal
461,711,553,711,553,735,460,735,340,909
328,737,368,737,368,767,328,767,PB1
474,739,550,740,550,768,474,768,34,091
306,773,369,773,369,819,305,818,Total
461,773,554,773,554,822,461,822,375,000
288,824,318,824,318,868,288,868,Go
332,824,373,828,370,875,331,868,Pay
462,826,554,826,553,873,462,874,375,000
240,873,303,873,303,898,240,897,Total
318,872,373,872,373,898,318,898,Item
536,875,554,875,553,899,535,899,7
252,903,316,903,316,927,254,928,Total
332,904,373,905,373,930,332,928,Qty
537,903,553,903,553,929,538,930,7
