32,506,96,506,96,530,32,530,Total
422,510,506,510,506,536,422,536,41,000
32,530,142,530,142,558,32,558,Pay Cash
144,528,226,528,226,556,144,556,51,000
322,535,417,543,415,570,320,561,Change
426,540,508,540,508,568,426,568,10,000
30,482,128,482,128,508,30,508,ITEMS:
128,484,140,484,140,506,128,506,1
34,414,48,414,48,436,34,436,1
84,410,146,410,146,434,84,434,BBQ
146,410,240,410,240,436,146,436,Chicken
422,412,506,412,506,440,422,440,41,000
34,436,48,436,48,460,34,460,1
84,436,178,436,178,458,84,458,- Pedas
178,434,258,434,258,460,178,460,sedikit
490,436,510,436,510,462,490,462,0
