332,718,406,718,406,750,332,750,GRAND
414,720,488,720,488,750,414,750,TOTAL
640,722,732,722,732,756,640,756,63,500
116,792,182,792,182,824,116,824,CASH
640,794,736,794,736,828,640,828,70,000
400,895,490,898,489,931,399,928,CHANGE
658,906,738,906,738,940,658,940,6,500
48,543,101,546,99,576,46,573,Sub
110,545,186,548,185,579,109,576,Total
635,547,727,544,728,577,636,580,55,000
48,614,98,614,98,646,48,646,Tax
650,616,730,616,730,648,650,648,5,775
48,579,158,582,157,612,47,609,Service
650,582,728,582,728,614,650,614,2,750
46,648,171,653,169,684,45,679,Rounding
682,652,730,652,730,682,682,682,-25
54,406,119,412,117,443,51,437,Kuey
128,412,190,412,190,442,128,442,Teow
198,415,287,420,285,448,196,443,Goreng
294,417,420,422,419,453,293,448,Singapore
404,452,432,452,432,480,404,480,1x
468,448,556,448,556,480,468,480,43,000
633,444,725,444,725,476,633,476,43,000
52,476,102,476,102,506,52,506,Tea
114,477,186,480,185,512,113,509,(Ice)
402,484,434,484,434,514,402,514,1x
470,482,556,482,556,514,470,514,12,000
638,478,726,478,726,510,638,510,12,000
