61,497,201,491,202,524,62,530,TRIPPLE
205,488,343,484,344,518,206,522,CHEESE
68,546,86,546,86,578,68,578,1
188,540,291,534,293,571,190,576,17,000
646,534,734,534,734,568,646,568,17,000
37,714,267,707,268,742,38,749,BRAND TOTAL
650,698,742,698,742,732,650,732,17,000
726,836,746,836,746,868,726,868,0
30,868,172,868,172,904,30,904,CHANGE
172,866,251,863,253,899,174,902,DUE
37,791,213,786,214,821,38,825,LAZZ 7641
650,768,736,768,736,802,650,802,17,000
56,617,217,610,219,643,58,651,UB TOTAL
649,601,739,601,739,633,649,633,17,000
