38,608,128,608,128,638,38,638,COLD
138,610,228,610,228,640,138,640,OCHA
570,616,590,616,590,642,570,642,1
662,616,772,616,772,648,662,648,10,909
36,644,106,644,106,674,36,674,BCA
114,646,230,646,230,674,114,674,PROMO
570,650,590,650,590,678,570,678,1
662,649,772,652,771,686,661,683,54,455
71,680,204,680,205,708,71,706,:-ABURA
216,680,307,680,308,709,216,708,UDON
314,680,414,680,415,709,314,709,SPICY
750,688,770,688,770,714,750,714,0
68,714,180,714,183,744,67,745,:-KAKE
190,714,282,714,284,743,188,744,UDON
570,720,590,720,590,746,570,746,1
750,722,770,722,770,750,750,750,0
570,686,590,686,590,712,570,712,1
30,748,210,748,210,778,30,778,SKEWERED
220,750,346,750,346,778,220,778,SHUMAI
570,754,590,754,590,782,570,782,1
662,756,770,756,770,790,662,790,12,727
28,784,208,784,208,814,28,814,SKEWERED
218,784,302,784,302,814,218,814,TOFU
312,784,392,784,392,814,312,814,ROLL
570,790,592,790,592,816,570,816,1
662,792,770,792,770,824,662,824,12,727
26,820,86,820,86,852,26,852,EBI
94,820,244,820,244,852,94,852,TEMPURA
570,826,592,826,592,854,570,854,1
662,826,772,826,772,860,662,860,13,636
24,856,170,856,170,888,24,888,KITSUNE
180,856,274,856,274,886,180,886,UDON
282,854,394,854,394,890,282,890,(KIDS)
572,860,590,860,592,889,572,888,1
662,862,772,862,772,896,662,896,28,182
264,1004,342,1004,342,1036,264,1036,SUB.
350,1004,456,1004,456,1036,350,1036,TOTAL
618,1004,746,1004,746,1040,618,1040,132,636
170,1046,387,1045,384,1080,168,1083,RESTAURANT
394,1046,460,1046,462,1081,394,1080,TAX
638,1046,746,1046,746,1080,638,1080,13,264
248,1142,365,1141,367,1174,248,1174,GRAND
373,1141,481,1141,483,1174,373,1174,TOTAL
546,1169,747,1167,748,1220,545,1221,145,900
104,1178,198,1178,198,1210,104,1210,~ BCA
208,1178,282,1178,282,1208,208,1208,EDC
322,1178,480,1175,481,1218,321,1218,[145,900]
