168,560,230,560,230,596,168,596,Total
386,556,474,556,474,598,386,598,125,895
168,607,231,610,229,646,166,643,Tunai
388,603,478,603,478,647,388,647,150,000
166,656,252,656,252,694,166,694,Kembali
402,654,480,654,480,698,402,698,24,105
92,308,154,308,154,328,92,328,CHEESE
158,310,182,310,182,328,158,328,KC
186,310,262,310,262,330,186,330,BOKUMBAP
286,312,296,312,296,328,286,328,1
328,306,388,306,388,330,328,330,39,000
398,303,459,299,461,323,400,328,39,000
92,332,144,332,144,352,92,352,PAKET
148,332,218,332,218,352,148,352,CHICKEN
224,336,236,336,236,354,224,354,3
286,334,296,334,296,352,286,352,1
327,330,389,327,390,352,328,355,35,000
400,326,462,326,462,350,400,350,35,000
92,356,200,356,200,376,92,376,JAJANGMYEON
288,358,298,358,298,376,288,376,1
329,354,389,351,390,375,330,377,35,000
404,350,464,350,464,374,404,374,35,000
166,406,246,406,246,426,166,426,Subtotal
396,400,466,400,466,424,396,424,109,000
166,430,246,430,246,450,166,450,Services
416,424,468,424,468,448,416,448,5,450
166,506,200,506,200,528,166,528,Tax
409,502,473,499,474,524,410,527,11,445
399,476,471,472,473,498,400,501,114,450
