216,310,242,310,242,326,216,326,Dom
242,310,296,310,296,328,242,328,Cha Vire
296,310,320,310,320,328,296,328,Sls
326,312,344,312,344,328,326,328,1x
356,310,404,310,404,328,356,328,155.000
422,310,472,310,472,328,422,328,155.000
218,326,242,326,242,342,218,342,P J
240,326,296,326,296,344,240,344,Cotes du
326,326,344,326,344,344,326,344,2x
356,326,404,326,404,344,356,344,105,000
422,328,472,328,472,344,422,344,210.000
264,342,320,342,320,360,264,360,Subtotal
422,342,472,342,472,360,422,360,365,000
222,358,278,358,278,376,222,376,Discount
276,358,320,358,320,376,276,376,20.00%
428,357,472,360,471,378,427,375,73.000
270,374,320,374,320,392,270,392,Service
428,376,472,376,472,394,428,394,28,200
296,392,320,392,320,408,296,408,Tax
428,392,470,392,470,410,428,410,32.120
300,408,338,408,338,426,300,426,Total
380,408,470,408,470,428,380,428,353,320
