64,804,142,804,142,842,64,842,BASO
151,804,229,801,230,838,152,841,TAHU
242,800,374,800,374,838,242,838,KWETIAU
420,798,440,798,440,836,420,836,1
454,796,568,796,568,836,454,836,43,181
654,792,766,792,766,834,654,834,43,181
62,1014,158,1014,158,1050,62,1050,GRAND
170,1012,264,1012,264,1050,170,1050,TOTAL
661,1008,777,1005,778,1046,662,1049,47,499
66,1064,162,1064,162,1100,66,1100,TUNAI
666,1060,784,1060,784,1098,666,1098,48.000
68,1114,196,1114,196,1148,68,1148,KEMBALI
720,1110,778,1110,778,1146,720,1146,501
62,858,157,858,157,894,62,894,TOTAL
657,846,773,843,774,884,658,887,43,181
62,962,122,962,122,998,62,998,TAX
135,962,231,959,232,998,136,1001,10.00
240,960,268,960,268,996,240,996,%
679,953,781,950,782,991,680,995,4,318
