20,560,102,560,102,584,20,584,Before
106,554,224,556,223,584,105,581,Rounding
452,550,558,550,558,580,452,580,110,003
46,402,58,402,58,422,46,422,1
95,398,195,393,196,416,96,421,(TW) MIE
202,392,298,392,298,414,202,414,GORENG
302,390,366,390,366,410,302,410,AYAM
446,384,528,384,528,406,446,406,31,819
42,424,56,424,56,442,42,442,1
91,418,207,413,208,435,92,440,(TW)NASI
212,410,310,410,310,432,212,432,GORENG
448,404,534,404,534,428,448,428,27,273
36,442,52,442,52,462,36,462,1
89,438,149,435,150,458,90,461,NASI
154,432,254,432,254,456,154,456,GORENG
451,426,537,423,538,449,452,451,27,273
32,464,50,464,50,486,32,486,2
88,460,118,460,118,484,88,484,ES
124,458,172,458,172,482,124,482,TEH
177,456,267,453,268,479,178,481,TAWAR
456,448,542,448,542,476,456,476,13,638
448,498,552,498,552,526,448,526,100,003
24,532,76,532,76,558,24,558,VAT
80,532,138,532,138,558,80,558,10%
463,524,553,521,554,550,464,553,10,000
18,582,136,584,135,614,17,611,Rounding
528,576,556,576,556,600,528,600,-3
14,612,90,612,90,638,14,638,Total.
458,604,562,604,562,634,458,634,110,000
16,640,68,640,68,666,16,666,BCA
76,638,146,638,146,666,76,666,ECR :
460,630,564,630,564,662,460,662,110,000
25,510,123,505,124,531,26,535,ITEMS :
120,508,138,508,138,530,120,530,5
