134,756,166,756,166,784,134,784,2X
173,753,281,751,282,781,174,784,S-Matcha
290,752,414,752,414,782,290,782,Macchiato
436,752,534,752,534,782,436,782,@25,000
582,752,668,752,668,784,582,784,50,000
164,788,284,788,284,818,164,818,100%, Less
292,786,336,786,336,816,292,816,Ice
134,822,166,822,166,850,134,850,2X
174,820,310,820,310,850,174,850,S-Ovaltine
318,820,428,820,428,850,318,850,Macchiat
436,820,534,820,534,852,436,852,@22,000
584,820,670,820,670,852,584,852,44,000
162,853,219,856,217,884,160,881,Less
226,854,272,854,272,882,226,882,Ice
162,887,219,884,220,915,164,918,100%
358,1021,440,1024,439,1055,357,1052,Total:
587,1027,675,1027,675,1059,587,1059,94,000
372,1058,440,1058,440,1090,372,1090,Cash:
576,1062,676,1062,676,1096,576,1096,100,000
346,1126,440,1126,440,1160,346,1160,CHANGE:
604,1134,678,1134,678,1168,604,1168,6,000
