106,802,248,802,248,828,106,828,JOL120014
296,801,384,804,383,828,295,825,Luxury
386,800,482,800,482,828,386,828,Jolie Mi
296,832,334,832,334,856,296,856,1X
336,832,438,832,438,860,336,860,300,000
645,838,745,835,746,862,646,865,300,000
104,956,172,956,172,982,104,982,Total
643,960,745,957,746,986,644,989,300,000
101,1048,235,1046,236,1073,102,1076,Debit BCA
643,1050,745,1047,746,1076,644,1079,300,000
104,1080,202,1080,202,1106,104,1106,Change
206,1078,258,1078,258,1104,206,1104,Due
724,1078,744,1078,744,1104,724,1104,0
