188,648,258,648,260,677,187,679,74,000
392,427,405,427,404,450,391,449,1
118,413,214,418,211,441,117,437,CK.MANTAP
218,422,230,422,230,442,217,443,A
294,424,356,424,359,448,293,452,25,455
458,430,522,430,523,456,457,457,25,455
84,617,144,620,143,644,83,642,Total
458,629,528,629,529,658,458,659,74,000
82,644,130,644,131,671,82,670,Cash
450,656,530,658,531,685,450,684,100,000
260,677,353,682,354,710,258,707,Changing
450,684,520,684,520,710,450,714,26,000
228,546,264,546,264,568,228,568,Sub
266,546,322,546,323,573,267,571,Total
458,554,524,554,524,579,457,580,67,273
132,566,190,566,190,592,132,592,PAJAK
194,568,282,568,282,595,194,594,RESTORAN
288,572,322,572,323,598,288,598,10%
468,580,526,580,526,604,467,605,6,727
392,452,406,452,406,474,392,474,2
114,434,183,438,181,464,112,460,CHEESE
187,442,201,442,201,466,186,466,B
290,448,356,448,359,474,290,476,20,455
458,454,522,454,524,481,458,480,40,909
392,478,404,476,404,498,392,498,1
112,462,160,462,161,487,112,486,TAKE
164,462,211,467,209,493,162,487,AWAY
320,474,356,474,356,496,320,496,909
486,480,522,480,522,504,486,502,909
