148,550,290,550,290,574,148,574,CARBONARA
296,550,364,550,364,572,296,572,UDON
530,550,546,550,546,572,530,572,1
592,548,672,548,672,574,592,574,49,091
146,576,182,576,182,598,146,598,ON
184,576,250,576,250,598,184,598,TAMA
256,576,324,576,324,598,256,598,UDON
326,574,396,574,396,600,326,600,(HOT)
528,576,546,576,546,596,528,596,1
594,574,674,574,674,598,594,598,37,273
146,600,224,600,224,624,146,624,ABURA
230,600,300,600,300,622,230,622,UDON
302,600,438,600,438,626,302,626,(ORIGINAL)
532,602,546,602,546,622,532,622,1
594,600,676,600,676,624,594,624,40,909
146,624,222,624,222,648,146,648,GREEN
228,624,290,624,290,648,228,648,BEAN
294,624,400,624,400,648,294,648,KAKIAGE
532,626,546,626,546,646,532,646,1
594,624,676,624,676,648,594,648,10,000
144,650,196,650,196,674,144,674,EGG
198,650,308,650,308,674,198,674,TEMPURA
530,650,548,650,548,672,530,672,1
608,650,676,650,676,674,608,674,8,182
142,674,194,674,194,698,142,698,HOT
198,674,266,674,266,698,198,698,OCHA
530,676,548,676,548,696,530,696,1
596,674,678,674,678,700,596,700,10,909
142,700,200,700,200,724,142,724,BEEF
204,700,286,700,286,724,204,724,CURRY
290,700,360,700,360,722,290,722,UDON
532,700,548,700,548,722,532,722,1
596,700,678,700,678,724,596,724,49,091
142,724,200,724,200,748,142,748,BEEF
204,724,346,724,346,750,204,750,CROQUETTE
532,726,548,726,548,746,532,746,1
596,724,678,724,678,750,596,750,12,727
142,750,208,750,208,774,142,774,COLD
214,750,282,750,282,774,214,774,OCHA
532,750,550,750,550,772,532,772,2
598,750,680,750,680,776,598,776,21,818
310,854,370,854,370,880,310,880,SUB.
372,854,452,854,452,880,372,880,TOTAL
568,856,666,856,666,882,568,882,240,000
242,884,398,884,398,912,242,912,RESTAURANT
404,884,456,884,456,912,404,912,TAX
582,886,666,886,666,912,582,912,24,000
300,954,386,954,386,980,300,980,GRAND
390,954,470,954,470,980,390,980,TOTAL
516,976,666,976,666,1012,516,1012,264,000
262,980,348,980,348,1006,262,1006,~ CASH
352,980,470,980,470,1010,352,1010,[264,000]
482,1108,566,1112,565,1137,481,1133,Change:
564,1110,580,1110,580,1134,564,1134,0
