118,477,216,480,215,518,117,516,TOTAL
324,484,442,484,442,524,324,524,67,000
116,516,160,516,160,538,116,538,CASH
380,522,442,522,442,546,380,546,67,000
114,538,232,540,231,580,113,577,CHANGE
418,550,440,550,440,584,418,584,0
108,342,120,342,120,360,108,360,1
124,338,177,341,175,364,123,361,TWIST
180,342,230,342,230,364,180,364,DONUT
390,346,444,346,444,370,390,370,9,000
108,366,118,366,118,384,108,384,1
122,362,176,362,176,386,122,386,PEACH
178,366,240,366,240,388,178,388,PASTRY
382,368,444,368,444,392,382,392,17,000
108,388,118,388,118,406,108,406,1
122,386,176,386,176,408,122,408,CHOCO
178,388,248,388,248,410,178,410,CUSTARD
250,387,312,390,311,412,249,410,PASTRY
382,392,442,392,442,416,382,416,12,000
106,410,116,410,116,430,106,430,1
122,406,157,410,155,432,120,429,EGG
160,410,202,410,202,432,160,432,TART
382,414,442,414,442,438,382,438,13,000
106,434,114,434,114,452,106,452,1
120,432,172,432,172,454,120,454,ROYAL
178,432,238,432,238,456,178,456,CHEESE
242,434,284,434,284,456,242,456,TART
382,438,442,438,442,462,382,462,16,000
