138,804,293,796,295,831,140,839,TOTAL
478,788,688,788,688,822,478,822,574,255
582,848,694,848,694,882,582,882,574,255
134,870,236,870,236,902,134,902,Master
94,464,112,464,112,494,94,494,1
126,462,244,462,244,494,126,494,Grilled
254,460,352,460,352,490,254,490,Salmon
360,460,428,460,428,490,360,490,Head
590,460,694,460,694,496,590,496,24,500
136,680,265,674,266,705,138,711,SUBTOTAL
577,668,689,665,690,699,578,701,492,500
136,742,188,742,188,772,136,772,PB1
200,739,253,736,255,767,202,770,10%
591,730,689,727,690,762,592,765,52,205
136,710,172,710,172,740,136,740,SC
184,708,220,708,220,738,184,738,6%
590,698,690,698,690,730,590,730,29,550
98,498,116,498,116,526,98,526,1
130,496,182,496,182,524,130,524,Set
192,494,260,494,260,524,192,524,Menu
270,494,366,494,366,524,270,524,Family
576,491,694,494,693,531,575,529,318,000
96,528,114,528,114,558,96,558,1
130,528,244,528,244,558,130,558,Tairyos
256,524,352,524,352,554,256,554,Salmon
361,524,427,521,428,549,362,552,Maki
590,526,692,526,692,560,590,560,46,000
100,560,120,560,120,590,100,590,2
131,560,277,554,278,589,132,594,Tepanyaki
287,554,443,551,444,581,288,584,Cawanmushi
590,558,692,558,692,590,590,590,44,000
100,592,118,592,118,620,100,620,1
132,592,232,592,232,624,132,624,Teppan
241,587,353,584,354,613,242,616,Seafood
362,584,396,584,396,612,362,612,Fr
408,584,444,584,444,612,408,612,Rc
589,588,689,585,690,616,590,619,36,000
106,624,124,624,124,652,106,652,1
135,622,233,619,234,648,136,651,Tobiko
244,618,340,618,340,646,244,646,Gunkan
589,616,689,612,691,644,590,648,24,000
