878,2726,917,2726,917,2781,878,2781,:
878,2406,921,2406,921,2461,878,2461,:
883,2508,921,2508,921,2564,883,2564,:
870,2615,913,2615,913,2675,870,2675,:
725,2180,780,2180,780,2248,725,2248,X
298,2713,520,2713,520,2794,298,2794,Grand
546,2709,759,2709,759,2790,546,2790,Total
1582,2696,1830,2696,1830,2777,1582,2777,17,999
307,2389,571,2389,571,2466,307,2466,Jumlah
597,2389,772,2389,772,2461,597,2461,Item
1305,2389,1352,2389,1352,2461,1305,2461,1
307,2496,443,2496,443,2572,307,2572,Sub
473,2496,686,2496,686,2568,473,2568,Total
1578,2487,1826,2487,1826,2568,1578,2568,16,363
294,2606,520,2606,520,2696,294,2696,Pajak
541,2606,763,2606,763,2679,541,2679,Resto
1606,2594,1821,2588,1823,2670,1609,2676,1,636
337,2073,507,2073,507,2150,337,2150,THAI
533,2073,704,2073,704,2150,533,2150,ICED
729,2073,866,2073,866,2150,729,2150,TEA
887,2077,1011,2077,1011,2167,887,2167,(L)
605,2176,657,2176,657,2248,605,2248,1
1036,2180,1284,2180,1284,2257,1036,2257,16,363
1574,2184,1826,2184,1826,2261,1574,2261,16,363
