118,630,136,630,136,661,118,661,1
160,626,224,626,224,658,158,658,Soft
230,624,279,622,278,653,229,656,Ori
286,622,306,622,306,652,286,652,3
310,619,362,625,358,657,311,653,Top
574,608,670,611,673,649,574,653,17,272
178,663,225,667,225,704,177,700,Top
234,662,294,662,297,692,231,694,Oreo
636,650,656,650,656,681,636,679,0
178,703,225,702,226,744,178,744,Top
228,701,293,699,294,733,227,736,Oreo
634,688,655,688,657,720,635,721,0
182,743,229,746,230,780,182,778,Top
235,740,323,737,327,765,235,770,Banana
638,728,657,727,658,757,637,758,0
332,806,464,797,465,831,332,840,SubTotal:
569,803,665,805,668,842,569,842,17,272
402,840,465,840,466,871,403,872,PB1:
586,844,664,841,664,880,585,883,1,727
321,921,438,910,443,967,333,980,Total:
564,916,683,924,681,990,559,993,18,999
416,982,488,982,491,1013,413,1015,cash:
597,990,690,992,691,1036,597,1037,18,999
