39,426,160,422,163,465,42,474,BUDS
165,420,357,415,361,459,166,472,CALMING
365,417,527,413,526,454,367,464,TUMMY
533,409,624,406,628,453,533,459,RUB
629,409,791,403,792,449,633,454,CREAM
38,489,420,479,422,531,40,542,30ML(TOILETRIES)
449,480,653,475,653,521,448,528,BU350003
777,536,934,535,934,586,775,588,200,000
53,653,173,648,172,695,50,698,BUDS
176,644,400,647,400,690,176,694,PRECIOUS
401,647,622,639,621,683,403,692,NEWBORN
627,640,780,639,780,680,626,686,CREAM
54,707,426,706,427,760,54,761,75ML(TOILETRIES)
459,704,656,702,660,748,458,757,BU350012
771,762,931,757,929,806,772,813,235,000
61,869,180,867,182,907,62,910,BUDS
183,864,404,863,404,905,185,909,PRECIOUS
410,863,623,860,624,900,410,904,NEWBORN
627,859,743,858,744,899,626,897,HEAD
748,856,810,854,811,893,749,896,TO
811,855,901,851,901,894,812,895,TOE
66,928,286,924,291,967,64,969,CLEANSER
291,920,680,914,679,969,291,973,250ML(TOILETRIES)
707,914,900,909,902,956,711,962,BU350009
771,973,921,972,922,1013,770,1020,270,000
518,1075,683,1072,683,1112,509,1116,Amount:
772,1067,923,1063,922,1106,771,1114,705,000
390,1075,475,1077,474,1125,388,1124,Qty:
481,1076,506,1076,507,1117,481,1117,3
