742,1638,780,1638,780,1693,742,1693,2
789,1638,878,1638,878,1693,789,1693,SAM
891,1638,951,1638,951,1693,891,1693,DA
964,1642,1049,1642,1049,1698,964,1698,SOO
1058,1642,1245,1642,1245,1702,1058,1702,MINERAL
1254,1642,1395,1642,1395,1698,1254,1698,WATER
1480,1638,1646,1638,1646,1698,1480,1698,32,000
789,1761,1042,1766,1040,1864,787,1858,TOTAL
1331,1766,1642,1766,1642,1868,1331,1868,32,000
789,1860,904,1860,904,1915,789,1915,CASH
1480,1860,1646,1860,1646,1920,1480,1920,42,000
789,1924,1096,1924,1096,2018,789,2018,CHANGE
1339,1924,1642,1924,1642,2026,1339,2026,10,000
