122,488,179,493,177,523,120,518,Ayam
186,497,269,502,267,528,184,523,Goreng
274,500,354,500,354,528,274,528,Crispy
360,500,428,500,428,528,360,528,Spicy
436,530,464,530,464,556,436,556,1x
498,528,578,528,578,556,498,556,48,000
650,524,734,524,734,554,650,554,48,000
118,550,201,558,199,587,115,579,Capcai
208,558,304,558,304,586,208,586,Seafood
436,560,464,560,464,586,436,586,1x
498,558,578,558,578,588,498,588,49,000
651,556,735,553,736,584,652,587,49,000
115,580,214,591,211,620,112,609,Chinese
220,587,263,590,261,616,218,613,Tea
436,590,464,590,464,616,436,616,1x
498,588,580,588,580,618,498,618,20,000
652,586,736,586,736,616,652,616,20,000
126,618,144,618,144,638,126,638,*
152,616,170,616,170,644,152,644,3
178,616,223,620,221,649,176,645,Cup
110,646,168,646,168,674,110,674,Nasi
176,648,248,648,248,676,176,676,Putih
434,650,464,650,464,676,434,676,3x
500,650,582,650,582,680,500,680,10,000
654,650,740,650,740,680,654,680,30,000
108,676,168,682,165,711,105,705,Soup
174,680,234,680,234,708,174,708,Baso
240,680,298,680,298,708,240,708,Ikan
436,682,464,682,464,708,436,708,1x
498,680,582,680,582,712,498,712,35,000
656,682,742,682,742,712,656,712,35,000
102,742,148,742,148,772,102,772,Sub
158,744,228,744,228,772,158,772,Total
648,746,744,746,744,778,648,778,182,000
100,775,200,778,199,807,99,804,Service
672,780,746,780,746,812,672,812,9,100
98,809,145,812,143,840,96,837,Tax
664,814,748,814,748,846,664,846,19,110
94,842,210,844,209,876,93,873,Rounding
706,848,750,848,750,880,706,880,-10
364,914,438,914,438,944,364,944,GRAND
446,914,520,914,520,946,446,946,TOTAL
652,918,756,918,756,950,652,950,210,200
