159,387,190,386,190,396,159,397,SUSHI
192,386,237,386,237,395,192,395,SALMON
283,385,307,385,307,394,283,394,1.00
336,385,388,385,388,395,336,395,65,000.00
435,384,487,384,487,394,435,395,65,000.00
158,421,192,421,192,430,158,430,SALAD
193,418,246,418,246,433,193,433,DRESSING
157,434,217,434,217,446,157,446,THOUSAND
219,434,258,434,258,447,219,447,ISLAND
284,419,309,419,309,430,284,430,1.00
342,418,389,417,389,430,343,432,3,500.00
441,417,489,417,489,430,441,430,3,500.00
156,471,219,471,219,481,156,481,LEMONADE
282,470,309,470,309,480,282,480,2.00
342,467,390,467,390,480,342,480,8,000.00
437,464,490,464,490,480,437,480,16,000.00
155,497,201,497,201,509,155,509,SHRIMP
202,496,256,496,256,510,202,510,SATSUMA
284,496,310,496,310,508,284,508,1.00
342,495,389,495,389,505,342,505,8,000.00
443,495,493,494,492,505,442,506,8,000.00
195,534,241,534,241,544,196,545,SHITAKE
155,549,200,549,200,559,155,559,SKEWER
283,534,308,534,307,543,284,544,1.00
344,531,390,531,390,544,344,544,9,000.00
444,530,493,530,493,543,444,543,9,000.00
209,569,243,569,242,583,210,584,SPICY
152,584,210,584,210,598,152,598,TEMPURA
283,569,308,569,309,582,284,581,1.00
344,568,392,568,392,583,344,583,9,000.00
446,568,494,568,494,579,446,579,9,000.00
152,604,188,604,188,613,152,614,SAUCE
189,603,229,603,229,614,189,614,SHOYU
230,601,263,601,264,614,230,614,SUSHI
150,617,197,617,197,628,150,628,YAMASA
225,616,261,616,262,626,225,626,HALAL
275,601,308,601,308,612,276,611,10.00
343,602,391,601,392,612,343,612,1,000.00
440,602,497,602,497,613,440,614,10,000.00
147,639,181,639,181,649,147,649,SUSHI
183,639,232,636,232,649,183,649,SALMON
147,654,182,653,182,665,147,666,FRESH
192,652,227,651,226,663,192,664,PAKET
281,636,306,636,305,648,281,648,1.00
336,635,391,635,392,648,336,649,36,000.00
442,637,500,638,501,650,443,650,36,000.00
143,676,191,675,190,687,144,687,SENDOK
192,674,217,673,217,685,192,686,DAN
219,673,261,672,261,688,219,687,GARPU
142,692,188,691,188,703,141,704,PLASTIK
280,675,304,675,304,688,280,688,1.00
343,675,392,675,392,688,342,687,1,000.00
451,675,503,675,503,689,451,689,1,000.00
138,713,192,713,191,726,137,727,TOBIKKO
193,713,246,713,246,727,192,726,ORANGE
278,714,305,714,304,727,278,727,3.00
344,715,393,715,392,727,344,729,5,000.00
446,716,504,716,503,728,446,729,15,000.00
136,744,192,744,192,756,136,756,TAMAGO
278,744,304,744,304,758,279,758,1.00
341,745,393,745,393,758,343,759,3,000.00
450,746,505,746,505,759,450,759,3,000.00
133,774,194,775,194,787,133,786,SATSUMA
195,775,222,775,222,787,194,787,AGE
222,775,260,775,260,786,222,786,NIGIRI
278,776,304,776,304,789,278,789,1.00
342,776,395,776,395,791,342,792,3,000.00
453,776,508,776,507,791,452,791,3,000.00
132,806,183,806,183,820,132,818,Subtotal
441,808,507,808,507,824,441,824,178,500.00
128,837,153,838,152,851,128,850,Tax
449,841,511,841,511,856,450,856,17,850.00
128,870,160,870,160,883,128,884,Total
162,872,211,871,210,884,160,884,Amount
442,873,512,873,512,887,443,888,196,350.00
126,902,200,904,200,916,125,916,Pembulatan
464,906,513,906,513,920,464,920,-350.00
120,964,165,965,165,978,121,979,KARTU
167,964,214,964,214,978,167,978,CREDIT
445,967,516,967,516,983,446,983,196,000.00
121,1014,186,1019,185,1032,124,1030,Kembalian
489,1020,517,1020,517,1034,489,1034,0.00
