215,293,228,293,228,310,215,310,3
250,289,345,292,345,317,248,314,CHINESE
352,294,382,294,382,316,352,316,TE
403,294,480,294,480,319,403,318,14.000
487,292,567,289,568,316,487,319,42,000
213,317,229,317,228,339,212,339,3
260,318,394,318,392,344,261,345,CRYSANTNUM
209,342,231,343,230,366,211,365,3
248,342,342,342,341,367,246,366,CHINESE
348,344,382,344,382,368,347,368,TE
404,343,482,344,481,370,403,369,14,000
488,344,570,344,569,367,488,366,42,000
214,371,224,371,224,389,214,389,3
260,367,392,370,393,396,258,394,CRYSANTNUM
260,393,330,398,329,419,257,417,TMBHN
336,396,380,396,381,420,335,422,CUP
208,450,220,450,221,474,208,474,1
246,450,306,448,302,474,245,474,KRPU
308,450,354,450,354,474,306,474,MCN
362,450,406,450,407,475,363,476,TIM
414,452,456,452,458,475,413,475,700
476,450,572,450,572,475,474,475,364,000
256,476,302,476,301,501,257,501,TIM
310,474,378,477,379,501,308,501,KECAP
208,507,221,507,221,527,208,527,1
242,504,288,504,287,528,241,528,AYM
296,504,340,504,341,530,295,529,RBS
348,508,365,506,364,526,348,526,1
374,506,432,506,433,529,373,530,EKOR
480,506,574,506,575,530,479,531,190.000
256,532,310,532,310,557,254,557,JADI
320,532,338,532,340,555,320,557,2
348,532,420,532,420,554,345,554,TMPAT
200,587,214,588,215,613,199,612,1
240,588,310,588,310,612,239,613,AGSIO
320,588,352,588,353,613,321,614,TH
358,588,390,588,390,614,358,614,PC
400,588,444,588,445,614,400,614,JMR
492,587,578,587,577,616,490,616,98,000
252,616,282,616,283,641,251,641,JD
292,618,310,618,314,642,292,644,2
320,616,392,616,392,643,318,642,TMPAT
199,678,213,678,212,701,198,703,1
236,676,308,676,308,702,233,702,POCAI
318,676,364,676,365,701,318,703,BWG
372,676,446,676,444,703,371,702,PUTIH
494,675,580,675,579,701,494,704,84,000
248,706,390,706,391,731,246,733,=*MEDIUM*=
248,738,280,738,280,762,248,762,JD
290,738,308,738,309,764,289,764,2
316,738,390,738,390,762,316,762,TMPAT
192,802,208,802,208,824,192,824,5
232,800,292,800,292,826,232,826,NASI
300,798,376,798,376,824,300,824,PUTIH
496,798,584,798,584,824,496,824,50,000
403,797,488,798,488,824,401,827,10.000
194,836,206,836,206,856,194,856,1
232,832,292,832,292,856,232,856,IKAN
300,830,376,830,376,856,300,856,MALAS
384,830,462,830,462,856,384,856,650GR
482,830,584,830,584,856,482,856,364,000
246,864,294,864,294,888,246,888,TIM
302,862,376,862,376,888,302,888,KECAP
192,900,204,900,204,920,192,920,1
230,894,304,894,304,920,230,920,AGSIO
316,894,348,894,348,920,316,920,TH
356,894,390,894,390,920,356,920,PC
400,894,448,894,448,918,400,918,JMR
496,892,586,892,586,923,496,921,98.000
228,926,290,926,290,952,228,952,DISC
298,926,404,926,404,952,298,952,MANDIRI
484,924,600,924,601,957,484,957,250,000 -
226,994,288,994,288,1020,226,1020,FOOD
456,992,590,992,591,1022,456,1025,1.198.000
224,1028,360,1028,360,1054,224,1054,BEVERAGES
498,1025,590,1025,590,1056,500,1058,84,000
223,1062,315,1059,318,1088,223,1090,OTHERS
499,1060,589,1057,590,1084,500,1087,30.000
224,1093,344,1093,348,1122,225,1123,SUBTOTAL
457,1093,591,1089,593,1122,459,1125,1,082,000
224,1126,328,1126,329,1157,225,1155,SERVICE
340,1123,432,1126,433,1154,337,1154,CHARGE
499,1126,591,1122,592,1152,500,1155,79,920
224,1162,274,1162,275,1186,224,1184,Tax
282,1160,332,1160,332,1184,282,1184,10%
486,1158,592,1158,592,1186,486,1186,141,192
226,1192,286,1192,286,1232,226,1232,DU
313,1189,575,1189,582,1239,311,1243,1,303,112
