56,480,74,480,74,512,56,512,1
118,480,252,480,252,514,118,514,SPGTHY
272,480,458,480,458,514,272,514,BOLOGNASE
516,478,636,478,636,516,516,516,58,000
54,526,72,526,72,558,54,558,1
118,526,254,526,254,560,118,560,PEPPER
272,526,338,526,338,558,272,558,AUS
498,522,638,522,638,560,498,560,165,000
140,572,232,572,232,606,140,606,WELL
252,570,340,570,340,604,252,604,DONE
52,620,70,620,70,654,52,654,1
118,618,234,618,234,654,118,654,WAGYU
248,618,379,612,381,647,250,653,RIBEYE
502,610,642,610,642,650,502,650,195,000
139,666,277,663,278,699,140,702,MEDIUM
294,660,382,660,382,696,294,696,WELL
50,720,70,720,70,754,50,754,1
118,717,209,713,211,749,120,753,ICED
227,712,341,708,342,745,228,748,LEMON
360,706,426,706,426,742,360,742,TEA
522,704,645,696,647,737,524,745,22,000
50,770,70,770,70,804,50,804,1
115,766,271,759,273,796,116,802,FUSION
274,759,343,756,345,793,276,796,TEA
359,754,469,751,470,788,360,791,LYCHE
526,750,647,745,649,787,528,792,28,000
50,822,68,822,68,856,50,856,1
112,816,277,809,279,847,114,854,NUTTELA
296,807,471,799,473,836,298,845,BROWNIES
527,797,651,793,652,835,528,839,35,000
114,920,303,908,305,947,116,959,SUBTOTAL
511,896,654,884,658,927,515,939,503,000
533,942,655,931,659,974,537,985,52,815
114,970,183,967,185,1005,116,1008,PB1
115,1024,189,1018,192,1055,118,1061,SVC
207,1016,304,1008,307,1047,210,1055,CHRG
534,992,658,978,662,1020,539,1034,25,150
110,1075,256,1063,262,1135,116,1147,DUE
343,1052,641,1025,648,1104,350,1131,580,965
