172,852,282,853,284,887,168,889,Chicken
284,853,341,854,341,892,282,888,Soy
170,889,260,889,264,922,169,922,Sauce
261,887,292,887,290,920,260,920,H
454,855,477,852,478,883,454,886,1
587,852,685,850,689,887,585,888,95,000
170,925,258,924,256,955,169,956,Butter
259,921,362,922,366,953,258,954,Cheese
170,958,239,960,240,990,170,990,Corn
458,923,475,922,474,952,459,953,1
587,919,688,918,688,952,585,958,45,000
169,990,276,990,277,1029,168,1027,Bintang
278,990,300,990,303,1022,277,1023,L
459,990,475,990,476,1021,459,1018,1
587,985,686,986,688,1023,583,1024,59,000
169,1030,255,1032,257,1064,167,1061,Chum
255,1028,370,1029,372,1061,256,1064,Churum
457,1029,477,1029,478,1060,459,1060,1
574,1025,688,1024,690,1066,572,1067,140,000
163,1087,225,1086,223,1119,161,1121,Sub
228,1085,298,1082,297,1121,221,1119,Total
572,1080,695,1082,698,1119,570,1122,339,000
153,1194,284,1196,286,1235,150,1234,Discount
673,1195,697,1195,698,1225,673,1225,0
160,1124,266,1125,264,1158,156,1158,Service
591,1119,693,1119,696,1156,593,1157,16,950
155,1159,214,1161,215,1197,153,1196,Tax
593,1158,696,1158,697,1194,591,1200,35,595
144,1251,287,1253,287,1300,147,1299,TOTAL
556,1254,706,1253,709,1300,553,1303,391,545
