156,688,300,688,300,722,156,722,SUBTOTAL
672,674,804,674,804,712,672,712,240,000
152,762,210,762,210,796,152,796,PB1
694,750,811,746,812,788,696,791,26,160
152,726,280,726,280,760,152,760,Service
689,712,807,709,808,748,690,751,21,600
124,518,142,518,142,550,124,550,1
158,518,214,518,214,550,158,550,AOP
227,516,351,513,352,546,228,548,Seafood
675,502,789,498,791,535,676,539,85,000
126,554,144,554,144,584,126,584,1
160,554,284,554,284,584,160,584,Omurice
296,550,386,550,386,580,296,580,Katsu
400,545,491,550,489,581,398,575,Curry
679,537,791,532,793,569,680,573,95,000
122,588,140,588,140,618,122,618,1
156,586,230,586,230,618,156,618,Earl
244,582,318,590,314,623,241,615,Gray
332,582,386,582,386,614,332,614,Tea
679,570,795,567,796,604,680,607,35,000
122,622,142,622,142,652,122,652,1
158,620,214,620,214,652,158,652,Hot
228,620,284,620,284,652,228,652,Tea
685,604,797,601,798,641,686,644,25,000
153,834,329,831,330,869,154,872,TOTAL
551,826,813,823,814,866,552,869,287,760
