207,728,217,728,217,760,207,760,1
234,727,284,729,283,759,232,758,HOT
297,728,362,728,362,762,297,762,OCHA
752,724,851,724,851,763,752,763,10,000
201,767,218,766,218,798,201,797,3
232,767,296,767,299,800,232,799,OCHA
748,761,851,761,851,804,748,804,30,000
200,845,214,846,213,877,199,877,1
230,843,296,844,295,878,230,879,WAKI
327,844,440,844,440,886,327,886,PLATTER
454,844,504,844,504,883,454,883,FOR
520,846,570,845,571,885,520,885,4-5
734,844,852,844,852,885,731,883,389,000
200,879,224,879,224,918,200,918,1
230,879,342,879,342,919,230,919,CHAPJEA
748,887,851,887,851,926,748,926,95,000
202,927,212,926,211,956,202,956,1
226,924,312,924,311,958,226,962,KALBI
325,926,439,926,439,960,325,960,PLATTER
454,927,504,927,504,961,454,961,2-3
734,927,858,927,858,966,734,966,315,000
200,966,211,966,211,1000,200,1000,1
228,964,344,964,344,1001,228,1001,MARBLED
358,967,474,968,473,1002,357,1002,SIRLOIN
486,968,568,968,568,1005,486,1005,STEAK
576,969,664,969,664,1010,576,1010,200gr
735,968,855,968,855,1008,735,1008,189,000
229,1045,324,1045,325,1079,227,1079,SUBTTL
704,1049,856,1049,854,1089,704,1087,1,028,000
228,1084,340,1084,340,1118,228,1118,Service
356,1083,457,1086,456,1123,354,1122,Charge
751,1090,856,1090,856,1130,751,1130,61,680
225,1123,273,1124,272,1158,223,1161,PB1
740,1134,856,1134,856,1176,740,1176,108,968
216,802,471,802,471,842,214,844,BEVERAGE
635,808,740,808,740,844,635,844,40,000
216,1004,344,1004,344,1042,216,1042,FOOD
616,1005,737,1005,737,1048,616,1048,988,000
221,1206,381,1206,381,1251,221,1251,TOTAL
556,1217,858,1217,858,1266,556,1266,1,198,648
