358,976,382,976,382,1008,358,1008,X
356,1062,378,1062,378,1092,356,1092,X
418,1194,436,1194,436,1218,418,1218,:
414,1238,434,1238,434,1260,414,1260,:
416,1280,434,1280,434,1306,416,1306,:
416,1152,436,1152,436,1176,416,1176,:
204,938,272,938,272,970,204,970,NASI
280,940,348,940,348,970,280,970,UDUK
354,936,424,936,424,970,354,970,SATE
432,934,532,934,532,968,432,968,BUNTEL
312,978,334,978,334,1008,312,1008,1
480,975,582,978,581,1013,479,1010,55,000
702,976,808,976,808,1014,702,1014,55,000
204,1020,272,1020,272,1052,204,1052,NASI
278,1020,346,1020,346,1052,278,1052,BALI
358,1020,470,1020,470,1056,358,1056,(EMPAL)
310,1062,332,1062,332,1092,310,1092,1
478,1062,580,1062,580,1098,478,1098,62,000
700,1062,806,1062,806,1102,700,1102,62,000
202,1184,256,1184,256,1216,202,1216,Sub
262,1184,344,1184,344,1218,262,1218,Total
684,1192,808,1192,808,1230,684,1230,117,000
200,1226,284,1226,284,1262,200,1262,Pajak
288,1226,374,1228,373,1262,287,1259,Resto
700,1235,808,1238,807,1277,699,1275,11,700
204,1268,284,1272,283,1302,203,1299,Grand
292,1272,376,1272,376,1304,292,1304,Total
684,1282,808,1282,808,1320,684,1320,128,700
200,1144,300,1144,300,1176,200,1176,Jumlah
308,1144,376,1144,376,1176,308,1176,Item
584,1148,610,1148,610,1178,584,1178,2
