184,642,276,642,276,666,184,666,AMOUNT
286,640,336,640,336,664,286,664,DUE
541,638,693,633,694,658,542,663,154,000.00
176,702,226,702,226,728,176,728,VMB
240,702,290,702,290,728,240,728,BCA
579,697,739,694,740,721,580,725,154,000.00
164,810,268,810,268,840,164,840,CHANGE
560,808,630,808,630,838,560,838,0.00
166,458,186,458,186,484,166,484,8
208,458,298,458,298,484,208,484,AMBUSH
306,460,356,460,356,486,306,486,DBL
366,460,412,460,412,488,366,488,CHS
422,460,480,460,480,486,422,486,BURG
561,460,705,460,705,490,561,490,132,000.00
166,492,186,492,186,520,166,520,2
210,494,300,494,300,522,210,522,AMBUSH
310,496,358,496,358,522,310,522,CHS
368,496,456,496,456,522,368,522,BURGER
578,496,712,496,712,524,578,524,22.000.00
190,568,324,568,324,596,190,596,SUB-TOTAL
535,570,685,565,686,599,536,603,154,000,00
190,606,240,606,240,634,190,634,TAX
248,606,370,606,370,634,248,634,INCLUDED
541,610,675,605,676,632,542,637,14,000.00
