82,310,96,310,96,332,82,332,1
104,309,147,312,145,339,102,335,NEW
152,312,203,317,201,344,149,339,BEEF
208,318,314,323,313,349,207,344,SPAGHETTI
398,328,470,328,470,356,398,356,40,000
82,342,94,342,94,362,82,362,1
102,338,145,342,143,369,100,365,NEW
150,344,202,344,202,370,150,370,BEEF
206,347,292,351,291,377,205,373,LASAGNA
398,358,470,358,470,384,398,384,47,273
82,372,94,372,94,392,82,392,1
100,368,165,374,163,400,98,395,PAKET
172,376,224,376,224,402,172,402,BER2
398,386,468,386,468,414,398,414,69,091
126,406,138,406,138,426,126,426,1
148,404,212,404,212,430,148,430,BREAD
216,408,234,408,234,430,216,430,N
240,408,314,408,314,434,240,434,CHEESE
320,412,358,412,358,436,320,436,DEL
126,434,138,434,138,456,126,456,1
146,434,256,434,256,460,146,460,CRABSTICK
262,438,346,438,346,464,262,464,FUSILLI
352,440,390,440,390,466,352,466,DEL
124,466,136,466,136,486,124,486,1
144,464,186,464,186,488,144,488,P/P
192,466,290,466,290,492,192,492,THUOSAND
298,468,334,468,334,494,298,494,ISL
340,470,380,470,380,496,340,496,DEL
122,496,136,496,136,518,122,518,1
142,494,220,494,220,520,142,520,ORANGE
226,496,290,496,290,522,226,522,JUICE
296,496,380,499,379,527,295,523,DELIGHT
120,526,134,526,134,548,120,548,1
142,523,220,526,219,553,141,550,LIPTON
224,526,264,526,264,552,224,552,ICE
272,528,312,528,312,554,272,554,TEA
318,530,358,530,358,556,318,556,DEL
86,680,216,680,216,726,86,726,TOTAL
314,682,482,682,482,736,314,736,172,000
210,589,310,589,310,613,210,613,SUBTOTAL
384,592,468,592,468,620,384,620,156,364
272,620,312,620,312,644,272,644,TAX
400,622,474,622,474,650,400,650,15,636
