98,342,194,342,196,372,99,373,REDBEAN
200,344,267,344,268,374,200,372,BREAD
76,342,89,342,89,372,77,373,1
454,348,522,348,522,378,454,378,9,000
100,466,228,463,230,512,96,514,TOTAL
363,463,521,466,517,521,362,516,43,500
100,512,156,512,156,540,99,541,CASH
435,514,518,515,518,547,436,544,50,500
98,545,254,537,263,586,93,595,CHANGE
382,540,519,542,519,593,380,593,7,000
98,374,156,374,156,402,98,402,KAYA
162,374,206,374,208,401,162,403,BUN
77,374,89,374,89,401,78,401,1
452,378,522,378,522,408,452,408,9,500
98,404,156,404,157,433,98,432,REAL
162,404,218,404,218,432,161,433,MILK
224,404,290,404,290,432,224,432,CHOCO
296,402,360,405,359,434,295,431,BREAD
74,404,93,404,93,433,73,434,2
440,408,520,408,520,438,440,438,25,000
