180,566,196,566,196,596,180,596,1
208,564,290,564,290,598,208,598,TWIST
300,564,384,564,384,598,300,598,DONUT
666,568,756,568,756,604,666,604,9,000
182,604,198,604,198,634,182,634,1
210,602,324,602,324,636,210,636,CUSTARD
332,602,430,602,430,636,332,636,SOB RO
652,608,754,608,754,644,652,644,12,000
206,676,368,676,368,742,206,742,TOTAL
548,682,754,682,754,750,548,750,21,000
206,740,276,740,276,774,206,774,CASH
648,748,752,748,752,784,648,784,21,000
200,778,398,778,398,846,200,846,CHANGE
714,790,748,790,748,846,714,846,0
