132,478,184,478,184,500,132,500,Dasar
188,477,280,480,279,501,187,499,Pengenaan
282,478,336,478,336,500,282,500,Pajak
406,480,468,480,468,504,406,504,31,363
98,364,110,364,110,382,98,382,1
144,362,224,362,224,384,144,384,Yakiniku
226,362,270,362,270,384,226,384,Rice
274,364,344,364,344,384,274,384,Organic
404,364,466,364,466,386,404,386,22,727
98,388,108,388,108,406,98,406,1
142,384,194,384,194,406,142,406,Mocca
198,384,252,384,252,406,198,406,Float
414,388,466,388,466,410,414,410,8,636
244,432,278,432,278,452,244,452,Sub
282,432,332,432,332,454,282,454,Total
404,434,468,434,468,456,404,456,31,363
226,502,288,502,288,524,226,524,P.Rest
292,502,316,502,316,524,292,524,10
322,504,336,504,336,522,322,522,%
414,504,468,504,468,526,414,526,3,137
282,568,332,568,332,590,282,590,Total
406,552,470,552,470,590,406,590,34,500
290,588,324,588,324,612,290,612,BCA
330,590,374,590,374,612,330,612,CARD
406,590,470,590,470,614,406,614,34,500
130,734,142,734,142,750,130,750,2
148,730,208,730,208,752,148,752,Items,
