370,647,534,647,536,680,369,680,BITTERBALLEN
291,644,338,646,336,677,290,677,1.0
719,646,802,645,802,679,719,681,33,000
369,681,494,683,494,713,370,713,MOZZARELA
503,682,573,682,572,713,503,713,STICK
291,682,338,683,337,713,292,713,1.0
719,681,804,682,803,715,718,714,55,000
369,717,455,719,455,749,370,749,NOUGAT
464,718,508,718,507,748,463,747,ICE
514,718,587,718,585,748,515,748,CREAM
291,719,338,720,337,746,291,747,1.0
719,716,804,717,804,750,718,749,20,000
408,1004,484,1004,481,1061,410,1059,Total
706,999,809,1000,809,1064,707,1064,258,500
287,1181,362,1181,361,1235,287,1234,DEBIT
368,1178,432,1182,431,1235,367,1235,CARD
710,1232,811,1232,812,1296,709,1299,258,500
303,1347,361,1351,360,1378,302,1377,Menu
370,1346,387,1346,387,1374,370,1375,6
412,1340,507,1344,506,1379,408,1376,Item(s)
371,751,454,754,455,783,372,783,SAUCYS
462,752,533,754,533,782,463,782,BROOD
291,753,338,754,336,784,291,785,1.0
720,750,804,751,804,786,719,785,19,000
370,788,468,788,469,819,369,821,AMANDEL
475,789,546,790,546,817,475,817,BROOD
291,790,337,789,337,819,291,819,1.0
721,787,804,787,803,822,722,821,18,000
370,824,533,822,534,854,369,855,BOKKEPOOTJES
291,825,339,824,336,855,292,856,1.0
720,822,805,821,806,856,722,857,90,000
411,897,454,895,453,924,411,924,Sub
463,894,532,894,535,924,463,926,Total
709,891,806,890,809,928,708,926,235,000
409,932,458,934,456,963,411,963,Tax
720,929,806,930,806,963,720,963,23,500
