329,2100,688,2077,693,2153,334,2176,TOTAL
1301,2038,1544,2017,1551,2098,1308,2118,14,999
316,2190,617,2172,621,2248,321,2267,CASH
1302,2129,1557,2110,1563,2194,1308,2213,20,000
312,2281,766,2254,771,2335,317,2362,CHANGE
1353,2219,1565,2208,1570,2297,1357,2308,5,001
723,1989,1106,1962,1111,2035,728,2062,2.00xITEMs
349,1689,642,1685,643,1757,350,1761,SUBTOTAL
1265,1662,1487,1648,1491,1712,1269,1726,13,636
350,1774,465,1774,465,1842,350,1842,PB1
497,1775,608,1770,611,1835,500,1840,10%
1237,1734,1497,1713,1502,1776,1242,1797,10.000%
1316,1796,1510,1782,1515,1848,1320,1862,1,363
344,1858,566,1848,570,1915,347,1925,AMOUNT
357,1349,431,1349,431,1421,357,1421,1X
873,1349,1057,1349,1057,1417,873,1417,@8182
350,1434,537,1434,537,1506,350,1506,RISOL
561,1434,748,1434,748,1502,561,1502,ROGUT
1281,1431,1461,1431,1461,1502,1281,1502,8,182
357,1519,435,1519,435,1587,357,1587,1X
877,1516,1057,1516,1057,1587,877,1587,@5454
349,1603,781,1597,782,1671,350,1677,MINERALWATER
1289,1590,1478,1581,1481,1645,1292,1654,5,454
