36,1028,108,1028,108,1064,36,1064,Dine
122,1030,160,1030,160,1064,122,1064,In
172,1028,258,1028,258,1064,172,1064,Total
630,1028,756,1028,756,1070,630,1070,135,500
26,1128,119,1131,117,1171,25,1167,DEBIT
638,1134,764,1134,764,1178,638,1178,135,500
112,647,214,647,214,671,112,671,REGULAR
224,648,324,648,324,672,224,672,JASMINE
334,648,378,648,378,672,334,672,TEA
622,650,696,650,696,674,622,674,7,273
106,678,182,678,182,704,106,704,Kupon
192,678,210,678,210,702,192,702,7
614,678,704,678,704,704,614,704,42,727
96,710,176,710,176,736,96,736,Kupon
184,708,204,708,204,732,184,732,4
616,708,708,708,708,736,616,736,22,727
94,742,156,742,156,768,94,768,BOGO
166,740,258,740,258,768,166,768,CHEESY
268,740,360,740,360,768,268,768,RASHER
622,740,716,740,716,770,622,770,13,636
68,850,198,850,198,882,68,882,Subtotal
618,848,732,848,732,884,618,884,123,181
58,892,110,892,110,922,58,922,PB1
126,890,204,890,204,922,126,922,(10%)
636,890,738,890,738,926,636,926,12,318
43,978,133,978,133,1012,43,1012,Round
730,980,750,980,750,1014,730,1014,1
82,776,118,776,118,804,82,804,MS
126,776,208,776,208,804,126,804,SWISS
218,776,250,776,250,802,218,802,ML
262,774,312,774,312,802,262,802,MED
624,774,720,774,720,804,624,804,36,818
