678,1612,716,1612,716,1668,678,1668,1
733,1608,1002,1608,1002,1672,733,1672,JAPANEESE
1019,1612,1088,1612,1088,1672,1019,1672,GR
1100,1612,1198,1612,1198,1672,1100,1672,TEA
1211,1612,1309,1612,1309,1672,1211,1672,HOT
1578,1604,1762,1604,1762,1668,1578,1668,12,727
682,1672,721,1672,721,1728,682,1728,1
738,1668,951,1668,951,1728,738,1728,CHICKEN
964,1668,1092,1668,1092,1728,964,1728,SKIN
1578,1659,1762,1659,1762,1728,1578,1728,10,909
686,1732,716,1732,716,1787,686,1787,1
738,1728,836,1728,836,1787,738,1787,GYU
849,1728,1006,1728,1006,1787,849,1787,MOZZA
1019,1728,1117,1728,1117,1783,1019,1783,DON
1578,1719,1762,1719,1762,1783,1578,1783,53,636
686,1787,721,1787,721,1843,686,1843,1
742,1783,951,1783,951,1843,742,1843,C.KATSU
964,1783,1147,1783,1147,1843,964,1843,NOODLE
1160,1783,1228,1783,1228,1843,1160,1843,HP
1576,1778,1765,1771,1767,1834,1579,1841,45,454
738,1843,981,1843,981,1898,738,1898,POTONGAN
994,1843,1092,1843,1092,1898,994,1898,15%
1527,1838,1561,1838,1561,1902,1527,1902,(
1578,1830,1762,1830,1762,1902,1578,1902,6,818)
742,1954,981,1954,981,2009,742,2009,SUBTOTAL
1553,1945,1766,1945,1766,2009,1553,2009,115,908
742,2009,840,2009,840,2060,742,2060,PB1
857,2009,960,2009,960,2060,857,2060,10%
1582,2005,1766,2005,1766,2060,1582,2060,11,591
742,2107,1036,2107,1036,2167,742,2167,TOTAL
1367,2117,1769,2093,1773,2162,1371,2185,127,500
733,2163,896,2163,896,2218,733,2218,Total
913,2163,1041,2163,1041,2218,913,2218,item
1088,2163,1126,2163,1126,2218,1088,2218,4
1419,2173,1574,2168,1576,2226,1421,2232,Total
1587,2163,1689,2163,1689,2227,1587,2227,Qty
1736,2150,1779,2150,1779,2205,1736,2205,4
738,2269,844,2269,844,2329,738,2329,BCA
856,2277,1010,2272,1012,2325,857,2330,card.
1569,2278,1786,2257,1793,2330,1576,2351,127,500
