84,714,164,714,164,752,84,752,BASO
176,714,254,714,254,748,176,748,KUAH
434,718,456,718,456,752,434,752,1
466,718,572,718,572,756,466,756,41,363
650,722,756,722,756,762,650,762,41,363
81,768,179,764,181,802,82,805,TOTAL
650,770,758,770,758,810,650,810,41,363
76,870,138,870,138,908,76,908,TAX
151,867,247,865,248,903,152,906,10.00
258,866,282,866,282,900,258,900,%
668,868,760,868,760,908,668,908,4,136
71,923,169,920,170,957,72,960,GRAND
180,919,277,914,279,951,182,956,TOTAL
648,915,757,921,755,961,646,955,45,499
72,974,170,974,170,1012,72,1012,TUNAI
650,967,761,972,759,1012,648,1007,50,000
66,1029,201,1024,203,1061,68,1066,KEMBALI
666,1018,759,1023,757,1060,664,1055,4.501
