80,450,130,450,130,475,80,475,Kupon
134,452,146,452,146,471,134,471,9
386,454,434,454,434,478,386,478,8,182
78,474,128,474,128,498,78,498,Kupon
132,475,144,475,144,496,132,496,1
380,476,436,476,436,500,380,500,20,000
76,498,126,498,126,519,76,519,LARGE
130,498,170,498,170,519,130,519,ICED
172,498,220,498,220,519,172,519,LEMON
224,498,254,498,254,518,224,518,TEA
382,498,440,498,440,522,382,522,12,273
72,544,148,544,148,568,72,568,Subtotal
386,544,444,544,444,570,386,570,40,455
68,570,102,570,102,594,68,594,PB1
106,570,156,570,156,594,106,594,(10%)
396,568,448,568,448,596,396,596,4,046
64,622,116,622,116,648,64,648,Round
426,620,450,620,450,643,426,643,-1
62,650,106,650,106,674,62,674,Dine
110,650,134,650,134,673,110,673,In
138,650,188,650,188,674,138,674,Total
392,646,452,646,452,675,392,675,44,500
58,706,102,706,102,730,58,730,Cash
397,702,457,702,457,730,397,730,50,000
52,763,116,765,115,792,51,789,Change
411,757,465,754,466,784,412,787,5.500
