324,806,342,806,342,830,324,830,1
374,810,451,816,449,841,372,835,Mineral
452,816,514,816,514,842,452,842,Water
665,810,723,804,726,831,668,837,6,364
484,868,522,868,522,892,484,892,Sub
524,868,584,868,584,892,524,892,Total
667,861,729,853,732,879,670,887,6,364
466,942,538,942,538,968,466,968,P.Rest
540,942,568,942,568,966,540,966,10
570,942,588,942,588,964,570,964,:
694,932,732,932,732,956,694,956,636
530,1008,588,1008,588,1036,530,1036,Total
676,984,738,984,738,1028,676,1028,7,000
542,1034,592,1034,592,1056,542,1056,Cash
676,1027,737,1022,739,1048,678,1053,7,000
372,1192,390,1192,390,1218,372,1218,1
392,1192,460,1192,460,1218,392,1218,Items,
