282,457,356,457,356,480,282,480,CHUM
362,456,470,453,472,475,361,479,CHURUM
564,448,577,448,578,471,564,470,1
629,448,728,449,727,475,629,474,150,000
280,485,410,483,411,507,281,509,CHAMISUL
561,477,578,477,579,500,561,499,3
629,477,727,476,728,501,629,501,450,000
280,514,357,514,358,538,280,538,GONG
363,512,442,509,444,535,364,538,GIBAB
562,505,578,506,578,530,562,529,3
642,503,727,503,727,528,642,529,60,000
278,543,398,542,398,566,277,568,CHULPAN
402,542,509,538,510,562,402,564,CHEESE
277,574,330,573,331,597,276,597,DAK
336,572,411,571,411,594,336,595,GALBI
563,534,576,534,577,559,564,559,1
627,532,726,529,728,555,628,558,250,000
274,602,289,602,289,616,274,616,*
286,602,401,601,402,624,286,625,MINERAL
403,599,499,598,500,623,404,624,WATER
562,593,576,593,576,619,561,619,1
644,590,728,589,729,618,643,617,13,000
275,632,366,631,367,654,275,655,CREAM
372,627,444,627,444,656,372,656,TEOK
448,628,487,628,488,653,448,653,PO
492,625,519,625,520,651,492,650,KI
561,625,574,625,574,652,561,652,1
629,620,728,618,729,646,629,647,110,000
274,662,349,660,349,684,274,685,CHUM
356,658,468,656,468,684,356,685,CHURUM
272,691,363,690,363,713,272,715,PEACH
559,654,577,654,577,679,559,679,8
603,654,731,647,731,675,603,682,1,200,000
267,720,389,718,390,740,268,741,PREMIUM
264,746,432,745,433,770,266,770,YANGNYEOM
261,775,389,775,390,800,261,799,GALBISAL
551,713,577,713,577,741,551,741,1
624,713,729,710,730,737,625,741,250,000
259,807,335,807,334,829,259,829,CHAM
343,808,415,807,416,832,343,832,KKOT
422,808,473,808,473,830,422,830,SAL
555,808,575,808,575,831,555,831,2
626,809,728,809,728,835,625,837,660,000
256,835,276,834,275,863,256,863,U
282,837,339,836,339,859,282,859,SAM
344,836,444,836,442,861,345,861,GYEOP
555,838,569,838,570,864,557,864,1
628,840,730,838,732,869,628,867,160,000
253,867,363,867,364,894,252,892,CHEESE
252,899,417,901,418,928,251,926,GAMJAJEON
555,871,569,870,570,896,555,896,1
626,872,731,871,731,900,626,900,100,000
254,948,307,949,306,974,254,974,Sub
310,949,370,951,371,976,311,975,Total
602,953,731,953,730,983,601,982,3,403,000
255,980,342,982,344,1006,256,1005,Service
625,989,730,990,731,1018,625,1018,238,210
255,1010,302,1011,303,1035,255,1033,Tax
629,1018,732,1020,731,1048,628,1046,362,581
258,1039,368,1042,368,1065,258,1062,Discount
625,1050,730,1052,730,1078,625,1077,300,000
262,1085,353,1089,355,1109,263,1107,TOTAL
604,1093,732,1094,731,1121,602,1120,3,703,791
269,1110,328,1113,330,1131,269,1128,Card
605,1123,731,1125,731,1151,605,1147,3,703,791
276,1143,410,1151,412,1177,281,1165,CHANGE
705,1166,724,1166,726,1190,706,1190,0
