384,1016,547,1016,547,1067,384,1067,YANG
557,1016,683,1016,683,1067,557,1067,YUM
697,1016,802,1016,802,1067,697,1067,GUI
1013,1020,1054,1020,1054,1071,1013,1071,2
1159,1016,1373,1016,1373,1077,1159,1077,194,000
387,1077,778,1077,778,1135,387,1135,MOKDENGSIM
1016,1084,1047,1084,1047,1135,1016,1135,1
1186,1081,1373,1081,1373,1139,1186,1139,97,000
384,1145,782,1145,782,1200,384,1200,SAMGYOPSAL
1013,1149,1054,1149,1054,1200,1013,1200,2
1159,1149,1373,1149,1373,1207,1159,1207,194,000
384,1210,714,1210,714,1264,384,1264,SOONDUBU
724,1210,907,1210,907,1264,724,1264,CHIGE
1016,1213,1047,1213,1047,1264,1016,1264,1
1186,1213,1373,1213,1373,1271,1186,1271,75,000
387,1278,557,1278,557,1329,387,1329,GALBI
567,1278,727,1278,727,1329,567,1329,TANG
1016,1278,1047,1278,1047,1329,1016,1329,1
1190,1278,1373,1278,1373,1336,1190,1336,92,000
384,1339,632,1339,632,1397,384,1397,JINSENG
384,1404,782,1404,782,1458,384,1458,SAMGYETANG
1016,1346,1047,1346,1047,1394,1016,1394,1
1159,1343,1373,1343,1373,1400,1159,1400,135,000
384,1472,496,1472,496,1523,384,1523,JAP
503,1468,666,1468,666,1526,503,1526,CHAE
1013,1472,1054,1472,1054,1523,1013,1523,2
1156,1472,1373,1472,1373,1530,1156,1530,210,000
384,1536,578,1536,578,1587,384,1587,PAJON
1016,1540,1047,1540,1047,1587,1016,1587,1
1162,1536,1373,1536,1373,1598,1162,1598,105,000
384,1601,482,1601,482,1655,384,1655,BIR
493,1601,744,1601,744,1655,493,1655,BINTANG
758,1601,955,1601,955,1655,758,1655,BOTOL
384,1666,605,1666,605,1727,384,1727,( )
1013,1604,1054,1604,1054,1655,1013,1655,2
1159,1601,1373,1601,1373,1662,1159,1662,110,000
384,1734,550,1734,550,1785,384,1785,AQUA
1013,1734,1054,1734,1054,1785,1013,1785,2
1190,1734,1377,1734,1377,1795,1190,1795,20,000
384,1798,646,1798,646,1853,384,1853,BULGOGI
659,1798,931,1798,931,1853,659,1853,BIBIMBAB
1016,1798,1050,1798,1050,1849,1016,1849,1
1190,1798,1377,1798,1377,1859,1190,1859,85,000
380,1859,772,1863,771,1923,380,1919,NASI(GONGGI
782,1863,918,1863,918,1924,782,1924,BAB)
1013,1863,1057,1863,1057,1914,1013,1914,2
1190,1863,1380,1863,1380,1921,1190,1921,30,000
391,1961,499,1961,499,2016,391,2016,Sub
506,1961,635,1961,635,2016,506,2016,Total
1118,1961,1380,1961,1380,2023,1118,2023,1,347,000
387,2029,582,2033,581,2084,386,2080,Service
1193,2036,1380,2036,1380,2094,1193,2094,94,290
387,2091,486,2091,486,2145,387,2145,Tax
1162,2101,1380,2101,1380,2159,1162,2159,137,900
391,2162,618,2162,618,2213,391,2213,Discount
1336,2169,1377,2169,1377,2220,1336,2220,0
384,2274,581,2274,581,2329,384,2329,TOTAL
1115,2266,1381,2271,1380,2335,1114,2331,1,579,190
384,2342,523,2342,523,2397,384,2397,Card
1118,2346,1383,2346,1383,2410,1118,2410,1,579,190
384,2458,686,2458,686,2522,384,2522,CHANGE
1332,2465,1377,2465,1377,2526,1332,2526,0
