1292,1668,1331,1668,1331,1728,1292,1728,1
585,1626,959,1656,953,1720,580,1690,SOONDUBU
965,1653,1171,1664,1168,1726,961,1715,CHIGE
1487,1668,1701,1662,1703,1730,1489,1736,75,000
1292,1740,1326,1740,1326,1800,1292,1800,1
581,1699,708,1712,702,1774,575,1762,JAP
713,1711,902,1720,899,1785,710,1776,CHAE
1454,1740,1702,1740,1702,1809,1454,1809,105,000
588,1975,708,1975,708,2039,588,2039,Sub
716,1984,866,1984,866,2043,716,2043,Total
1450,1996,1698,1996,1698,2069,1450,2069,300,000
585,2055,799,2062,797,2122,583,2115,Service
1484,2082,1698,2082,1698,2150,1484,2150,21,000
585,2126,694,2133,690,2194,581,2188,Tax
1484,2150,1698,2150,1698,2218,1484,2218,30,000
588,2209,841,2214,840,2277,587,2272,Discount
1646,2231,1693,2231,1693,2291,1646,2291,0
588,2342,793,2342,793,2406,588,2406,TOTAL
1446,2342,1698,2342,1698,2410,1446,2410,351,000
588,2423,725,2423,725,2483,588,2483,Card
1446,2427,1698,2427,1698,2495,1446,2495,351,000
591,2553,912,2544,914,2626,593,2634,CHANGE
1638,2555,1689,2555,1689,2628,1638,2628,0
1297,1817,1326,1817,1326,1873,1297,1873,1
581,1777,988,1800,984,1866,577,1843,GOCHUJANG
576,1854,1069,1877,1065,1945,573,1921,SAMGYEOPSAL
1454,1813,1702,1813,1702,1881,1454,1881,120,000
