145,614,309,611,310,646,146,648,VANBOOLEN
623,607,717,607,717,643,623,643,9,000
144,654,292,654,292,690,144,690,JONGKONG
612,650,720,650,720,688,612,688,15,500
142,698,218,698,218,734,142,734,DISC
234,696,310,696,310,734,234,734,ITEM
578,692,724,692,724,730,578,730,-30.000%
140,742,254,742,254,780,140,780,AMOUNT
614,736,726,736,726,776,614,776,-4,650
137,788,271,785,272,823,138,826,PLASTIK
286,784,382,784,382,822,286,822,KECIL
706,782,728,782,728,816,706,816,0
138,832,254,832,254,870,138,870,SENDOK
267,831,363,828,364,865,268,868,BEBEK
706,826,728,826,728,860,706,860,0
141,925,323,920,324,959,142,964,TOTAL
622,916,732,916,732,956,622,956,19,850
137,970,287,967,288,1005,138,1008,CASH
618,960,732,960,732,1000,618,1000,20,000
139,1013,361,1009,362,1048,140,1052,CHANGE
678,1004,732,1004,732,1040,678,1040,150
138,878,292,878,292,916,138,916,SUBTOTAL
621,871,731,869,732,909,622,912,19,850
