192,456,210,456,210,486,192,486,1
230,455,366,460,365,494,229,490,KOROKE
386,462,452,462,452,494,386,494,ORI
564,458,697,449,699,484,566,494,12,600
192,496,212,496,212,526,192,526,1
230,495,366,499,365,533,229,529,KOROKE
386,500,498,500,498,532,386,532,CURRY
564,498,697,490,699,524,566,532,13,500
192,536,212,536,212,566,192,566,1
230,536,296,536,296,570,230,570,EBI
318,538,412,538,412,572,318,572,KTSU
434,540,454,540,454,570,434,570,1
474,538,544,538,544,570,474,570,PCS
561,574,697,571,698,607,562,610,29,800
188,616,212,616,212,648,188,648,3
232,616,388,616,388,648,232,648,TSUKUNE
562,614,696,614,696,648,562,648,35,100
192,658,212,658,212,688,192,688,1
230,656,322,656,322,690,230,690,MOMO
566,656,696,656,696,690,566,690,11,700
192,698,212,698,212,730,192,730,1
230,696,384,696,384,730,230,730,ONIGIRI
566,694,696,697,695,732,565,729,13,500
229,737,405,733,406,767,230,771,Subtotal
544,735,696,738,695,774,543,772,116,200
228,778,299,775,300,809,230,812,50%
230,820,322,820,322,852,230,852,Disc
542,814,699,822,697,858,540,851,-58,100
230,944,298,944,298,978,230,978,Tax
584,942,702,952,698,989,581,979,5,810
228,902,405,891,407,924,230,935,Subtotal
562,898,700,908,697,945,559,935,58,100
452,854,478,854,478,886,452,886,8
498,854,544,854,544,888,498,888,QT
228,986,340,976,343,1011,231,1021,TOTAL
435,969,696,994,693,1033,431,1008,63,910
227,1028,320,1019,324,1054,230,1063,CASH
565,1022,705,1041,700,1078,560,1059,64,000
228,1072,363,1062,365,1095,230,1105,Change
653,1077,705,1085,700,1122,647,1114,90
