174,461,272,459,270,489,174,489,HAKAU
280,460,379,457,380,488,278,488,UDANG
149,463,166,463,166,488,149,488,4
531,453,627,449,629,483,533,485,92,000
174,496,244,494,244,521,170,521,SIAO
252,495,303,495,305,521,250,522,MAI
313,494,379,493,377,521,311,520,BABI
147,498,166,498,166,525,147,525,4
532,487,630,484,627,518,532,518,80,000
172,528,264,528,266,557,171,557,CEKER
272,527,353,528,352,554,272,554,AYAM
145,532,166,532,165,560,144,560,3
532,520,630,520,631,554,530,555,60,000
171,563,286,561,288,589,170,592,BAKPAO
295,561,350,561,350,588,295,588,BKR
360,562,380,561,379,586,358,587,C
171,599,275,596,275,628,168,627,CRISPY
144,567,164,567,164,593,144,593,2
534,558,629,555,631,585,530,589,42,000
166,635,250,632,252,664,165,664,TAHU
258,633,381,630,381,660,256,662,GORENG
169,670,274,668,273,698,169,697,CRISPY
144,638,159,638,159,662,144,662,3
534,624,631,624,631,658,534,658,60,000
297,740,413,738,414,769,295,772,Subtotal
517,734,634,728,632,763,517,765,334,000
319,783,409,783,409,813,319,813,Total
485,778,631,772,632,807,486,813,334,000
312,819,411,818,410,849,310,854,CASH
486,815,638,808,637,845,487,853,350,000
164,861,249,861,249,891,164,891,Cash
259,858,413,856,414,889,256,892,CHANGE
496,850,634,847,637,880,495,888,-16,000
260,894,338,893,339,924,260,924,Total
345,893,409,893,412,922,344,923,Item
621,884,638,884,638,909,621,909,5
280,931,355,929,357,961,276,962,Total
359,930,416,929,415,966,359,964,Qty
603,920,639,920,640,953,601,952,16
