56,327,190,327,193,377,57,378,0.512X
199,331,325,334,325,383,195,382,22,500
55,378,206,383,207,434,52,430,EDAMAME
655,398,766,398,768,446,653,445,11,520
56,435,109,435,110,486,56,485,1X
117,436,250,437,245,486,115,485,15,900
56,490,104,490,104,538,56,538,df
116,490,229,491,230,542,118,542,shllt
237,490,283,489,284,543,235,543,by
292,496,418,494,419,542,292,544,not250
651,499,769,499,769,548,651,549,15,900
60,549,105,547,107,598,60,599,1X
119,546,246,547,244,598,116,598,20,600
52,599,104,598,100,653,52,654,CF
114,600,245,598,246,648,114,649,BUNCIS
256,597,322,596,325,651,256,651,ORG
651,604,769,601,770,650,651,650,20,600
50,659,185,654,185,707,54,707,0.074X
195,655,324,651,325,703,194,704,44,900
52,709,142,711,144,759,51,760,CABE
153,707,322,707,323,758,150,760,KERITING
332,702,423,704,419,758,332,757,CURA
670,705,772,705,775,755,671,756,3,323
51,768,187,765,186,815,51,816,0.198X
189,761,325,759,327,809,192,814,16,500
49,819,164,819,164,868,50,870,TOMAT
169,816,281,812,286,864,172,869,CURAH
671,810,776,808,777,861,671,860,3,267
47,879,159,875,159,928,50,930,0.09X
172,872,300,867,301,923,173,928,64,900
39,931,158,929,162,986,40,989,JERUK
168,929,278,925,279,978,168,982,NIPIS
669,917,782,914,783,970,673,973,5,841
49,992,179,988,181,1042,46,1047,0.282X
188,986,337,981,341,1031,190,1039,101,900
37,1052,142,1044,141,1099,39,1104,CUMI
144,1042,279,1040,285,1093,146,1100,BANGKA
654,1029,780,1022,783,1078,658,1084,28,736
42,1105,217,1099,222,1151,42,1160,Discount
679,1084,801,1077,804,1131,682,1136,5,471-
79,1161,268,1158,271,1203,81,1215,SUBTOTAL:
656,1135,786,1132,788,1190,656,1193,83,716
664,1248,782,1243,786,1296,663,1298,83,716
