60,500,122,500,122,524,60,524,Total.
432,496,512,496,512,524,432,524,69,000
60,522,111,526,109,555,58,551,Pay
111,524,173,521,174,547,112,550,Cash
176,522,256,522,256,550,176,550,80,000
340,526,436,530,435,555,339,552,Change :
434,526,508,526,508,554,434,554,11,000
62,474,154,474,154,500,62,500,ITEMS:
150,476,168,476,168,500,150,500,2
114,386,208,386,208,410,114,410,Seafood
210,384,308,384,308,410,210,410,Tempura
314,384,370,384,370,408,314,408,BBQ
68,390,82,390,82,410,68,410,1
428,382,508,382,508,410,428,410,40,000
68,410,80,410,80,432,68,432,1
114,408,200,408,200,430,114,430,- Pedas
202,406,278,406,278,430,202,430,sedikit
492,406,510,406,510,430,492,430,0
432,472,510,472,510,500,432,500,69,000
114,432,186,432,186,454,114,454,Sweet
188,430,246,430,246,454,188,454,Plum
252,430,338,430,338,454,252,454,Potato*
68,434,80,434,80,456,68,456,1
430,428,510,428,510,456,430,456,29,000
