114,963,162,963,162,992,114,992,DPP
618,965,715,965,715,1000,618,1000,63,636
115,792,178,792,178,821,115,821,BASO
192,793,255,793,255,820,192,820,TAHU
265,792,343,792,343,824,265,824,BIHUN
418,794,432,794,432,821,418,821,1
447,792,540,792,540,828,447,828,50,000
616,792,714,792,713,827,616,827,50,000
112,833,192,833,192,865,112,865,LIMAU
206,837,311,837,311,864,206,864,KASTURI
416,836,432,836,432,864,416,864,1
447,837,540,837,540,871,447,871,13,636
617,831,714,831,714,870,617,870,13,636
113,878,222,878,222,906,113,906,LOYALTY
234,879,343,879,343,909,234,909,PROGRAM
417,880,432,880,432,911,417,911,1
520,879,542,879,542,909,520,909,0
695,877,715,877,715,906,695,906,0
115,921,192,921,192,952,115,952,TOTAL
617,923,712,923,712,957,617,957,63,636
114,1006,160,1006,160,1035,114,1035,TAX
173,1006,252,1005,253,1034,173,1034,10.00
265,1005,283,1005,283,1038,264,1037,%
632,1008,713,1008,712,1041,632,1042,6,364
112,1048,192,1048,192,1078,112,1078,GRAND
206,1049,283,1049,283,1080,206,1079,TOTAL
617,1050,713,1050,713,1086,617,1086,70,000
113,1091,196,1091,196,1122,113,1122,TUNAI
618,1094,712,1094,712,1130,618,1130,70,000
115,1131,225,1131,225,1165,115,1165,KEMBALI
695,1138,714,1137,714,1166,695,1167,0
