206,890,268,890,268,922,206,922,HOLD
572,894,662,894,662,928,572,928,56,760
202,927,265,924,267,957,204,960,BFWD
488,926,658,930,657,964,487,960,56,760
212,642,272,642,272,672,212,672,NASI
280,642,355,638,357,670,282,673,RAMES
574,644,658,644,658,676,574,676,15,000
210,678,272,678,272,706,210,706,AYAM
280,676,396,676,396,706,280,706,PANGGANG
570,678,660,678,660,710,570,710,22,000
210,712,244,712,244,742,210,742,ES
252,710,382,710,382,742,252,742,TEH/TAWAR
574,714,660,714,660,746,574,746,11,000
210,745,324,745,324,777,210,777,TAXABLE1
572,750,660,750,660,782,572,782,48,000
208,782,312,782,312,812,208,812,SERVICE
320,782,354,782,354,812,320,812,CH
584,786,660,786,660,818,584,818,3,600
206,854,254,854,254,886,206,886,TAX
266,854,310,854,310,886,266,886,10%
586,858,662,858,662,890,586,890,5,160
