435,1581,735,1591,732,1665,433,1655,01110000
755,1595,908,1595,908,1668,755,1668,TUNA
930,1604,977,1604,977,1664,930,1664,&
998,1597,1259,1604,1257,1675,996,1667,CHEDDAR
1629,1612,1847,1612,1847,1693,1629,1693,55,000
431,1671,722,1678,720,1752,429,1745,04100000
746,1685,934,1685,934,1753,746,1753,ONION
955,1689,1139,1689,1139,1762,955,1762,RINGS
1621,1706,1843,1706,1843,1783,1621,1783,19,800
384,1767,730,1775,729,1848,382,1840,[13100000
750,1779,904,1779,904,1847,750,1847,AQUA
925,1783,1041,1783,1041,1851,925,1851,BTL
1655,1800,1838,1800,1838,1877,1655,1877,6,600
422,1954,605,1954,605,2022,422,2022,Total
1612,1979,1834,1979,1834,2060,1612,2060,81,400
423,2042,582,2048,579,2119,420,2113,CASH
1587,2073,1838,2073,1838,2154,1587,2154,100,000
414,2129,637,2138,635,2211,411,2203,CHANGE
1612,2167,1834,2167,1834,2248,1612,2248,18,600
