82,481,146,484,145,503,81,500,Pepper
144,482,196,482,196,502,144,502,Steak
340,486,352,486,352,504,340,504,1
400,484,474,484,474,508,400,508,122,727
106,510,146,510,146,530,106,530,Milo
340,514,352,514,352,532,340,532,1
458,514,476,514,476,536,458,536,0
106,538,184,538,184,558,106,558,- Cheese
340,544,352,544,352,562,340,562,1
420,542,474,542,474,564,420,564,5,454
400,581,476,584,475,606,399,603,128,181
78,606,186,606,186,628,78,628,Tax 10.00%
412,612,476,612,476,636,412,636,12,818
76,635,128,638,127,658,75,655,Total
402,642,478,642,478,666,402,666,140,999
78,664,116,664,116,686,78,686,100
114,662,171,666,169,688,112,684,BOGA
170,666,258,666,258,690,170,690,VOUCHER
402,669,478,672,477,696,401,693,100,000
76,724,122,724,122,744,76,744,Cash
412,728,481,734,479,759,410,753,50,000
76,754,144,754,144,776,76,776,Change
422,761,479,765,477,787,420,783,9,001
78,578,162,578,162,600,78,600,ITEMS: 2
