344,396,354,396,354,416,344,416,1
58,390,134,390,134,416,58,416,YANG
138,392,196,392,196,416,138,416,YUM
200,392,246,392,246,416,200,416,GUI
414,394,494,394,494,420,414,420,97,000
60,634,148,634,148,660,60,660,TOTAL
400,620,492,620,492,648,400,648,239,165
470,698,488,698,488,726,470,726,0
59,712,197,708,198,739,60,743,CHANGE
59,666,121,663,122,687,60,690,Card
399,654,491,650,492,678,400,681,239,165
344,424,354,424,354,444,344,444,1
58,420,138,420,138,446,58,446,GALBI
142,420,216,420,216,446,142,446,TANG
414,422,494,422,494,448,414,448,92,000
344,452,356,452,356,472,344,472,1
56,450,233,450,233,478,56,478,NASI(GONGGI
238,446,300,449,299,476,237,473,BAB)
416,448,494,448,494,476,416,476,15,000
60,496,112,496,112,520,60,520,Sub
116,494,176,494,176,520,116,520,Total
400,492,492,492,492,518,400,518,204,000
60,526,150,526,150,550,60,550,Service
416,522,492,522,492,548,416,548,14,280
60,554,106,554,106,578,60,578,Tax
414,548,492,548,492,576,414,576,20,885
59,586,165,583,166,608,60,611,Discount
474,578,492,578,492,602,474,602,0
