428,1027,604,1032,603,1069,427,1064,SubTotal:
752,1031,878,1034,877,1079,751,1076,21,818
520,1078,600,1080,599,1120,519,1117,PB1:
767,1085,877,1085,877,1129,767,1129,2,182
410,1180,564,1180,564,1256,410,1256,Total:
734,1184,895,1189,892,1274,731,1270,24,000
528,1276,628,1276,628,1312,528,1312,cash:
779,1272,908,1282,904,1331,775,1320,25,000
470,1325,613,1334,611,1373,468,1364,Change:
780,1332,888,1332,888,1376,780,1376,1,000
150,928,174,928,174,964,150,964,1
204,924,311,932,308,969,202,961,Smoke
318,932,404,932,404,968,318,968,Beef
414,936,440,936,440,962,414,962,+
452,930,537,936,534,974,449,968,Aqua
772,932,900,932,900,974,772,974,21,818
