218,673,363,667,365,729,220,734,TOTAL
519,660,700,649,704,715,523,726,45,000
224,732,284,732,284,764,224,764,CASH
609,714,701,710,703,743,610,747,50,000
219,766,395,756,399,819,223,829,CHANGE
551,750,708,743,711,810,555,817,5,000
188,570,206,570,206,600,188,600,3
218,570,274,570,274,600,218,600,<AYA
284,568,330,568,330,600,284,600,BUN
598,552,691,546,693,580,600,587,28,500
194,608,206,608,206,636,194,636,1
218,604,304,604,304,636,218,636,CRISPY
312,602,372,602,372,634,312,634,REAL
380,599,469,595,471,628,382,632,CHEESE
602,588,693,581,695,615,605,622,16,500
