266,668,287,670,286,704,266,705,1
296,665,428,667,431,708,297,707,CIRENG
430,665,602,668,605,710,426,707,PANDAWA
771,667,900,665,899,714,773,713,26,818
477,755,610,758,612,799,474,798,Subtotal
778,755,902,757,902,806,775,806,26,818
544,802,608,801,601,842,540,847,Pb1
798,804,899,808,903,851,797,856,2,681
499,854,614,855,616,903,496,905,Total
750,858,901,857,904,909,748,910,29,500
491,901,612,902,612,952,490,949,CASH
748,905,902,905,905,956,745,961,29,500
432,946,524,947,527,993,433,992,Total
524,947,609,950,611,995,523,992,Item
880,955,900,956,901,996,879,995,1
452,993,543,994,545,1038,452,1036,Total
545,994,610,996,610,1047,543,1049,Qty
880,1001,903,1004,902,1042,880,1043,1
