132,550,252,550,252,580,132,580,TRIPPLE
251,548,369,536,372,565,254,578,CHEESE
136,596,150,596,150,620,136,620,1
238,586,327,582,329,612,240,616,17,000
633,572,726,560,730,589,637,602,17,000
96,654,261,642,263,671,98,684,SUB TOTAL
644,626,738,616,741,645,647,655,17,000
662,699,757,695,758,725,664,729,17,000
92,738,305,722,307,754,94,770,GRAND TOTAL
89,806,175,798,178,829,92,837,CASH
668,763,765,759,767,792,670,796,18,000
688,829,765,824,767,860,690,864,1,000
95,874,296,856,299,889,98,907,CHANGE DUE
