78,634,100,634,100,674,78,674,1
227,634,311,638,314,676,225,675,OCHA
329,638,417,638,417,680,329,680,COLD
848,626,944,626,944,674,848,674,7,273
80,686,96,686,96,728,80,728,1
226,687,332,687,332,727,226,727,ABURA
353,688,439,689,440,730,353,728,SOBA
456,688,519,688,519,731,456,731,CHK
824,678,944,678,944,726,824,726,40,909
159,737,290,737,290,780,159,780,SUBTTL
825,733,942,733,942,779,825,779,48,182
160,787,221,787,221,830,160,830,Pb1
248,786,312,786,312,832,248,832,10%
843,784,938,784,938,831,843,831,4,818
160,895,368,895,368,970,160,970,TOTAL
701,890,938,890,940,979,702,982,53,000
164,979,283,979,283,1056,164,1056,NON
326,977,448,976,456,1055,326,1055,BCA
488,976,698,976,698,1054,488,1054,DEBIT
705,1057,945,1057,945,1151,705,1151,53,000
