240,510,316,513,316,537,241,540,LP5201
377,512,415,512,415,538,377,538,BL1
438,515,456,515,456,538,438,538,M
559,509,592,509,589,539,561,539,LW
257,550,267,548,267,573,255,574,1
391,549,469,547,467,578,391,579,70,000
664,549,742,546,743,576,665,578,70,000
251,584,320,582,317,612,251,610,Offer
326,585,379,584,379,612,325,614,disc
399,584,427,585,429,613,401,611,45
447,585,467,583,466,613,449,612,%
649,586,743,583,746,615,650,615,-31,500
239,622,317,619,317,650,239,647,LP5978
374,620,417,619,417,648,374,648,WH3
432,623,455,621,456,649,432,645,M
562,621,593,621,594,648,560,649,LW
247,660,264,658,266,685,251,683,1
387,659,468,657,467,688,388,690,70,000
663,661,744,660,745,690,662,692,70,000
248,694,317,693,315,722,248,722,Offer
321,696,379,697,377,721,320,720,disc
399,696,427,694,428,722,399,720,45
448,697,466,695,466,721,446,722,%
653,698,747,696,748,728,651,729,-31,500
232,731,314,731,314,759,233,758,LP5978
373,734,411,734,411,760,373,760,RE5
435,736,450,734,451,761,434,760,M
561,736,590,734,591,762,561,760,LW
248,770,263,769,264,795,249,795,1
387,771,467,769,466,800,384,802,70,000
666,774,745,773,748,806,664,804,70,000
247,808,310,808,310,833,247,833,Offer
319,809,376,806,377,835,316,834,disc
396,806,425,808,427,834,395,833,45
442,808,465,808,465,836,442,833,%
650,812,743,810,745,841,646,841,-31,500
232,882,295,882,295,912,232,912,Total
309,885,412,883,413,911,309,910,Discount
664,887,744,885,743,920,664,918,94,500
231,926,298,923,299,952,231,949,Grand
308,922,372,923,374,951,310,949,Total
652,926,746,926,747,959,651,959,115,500
226,1004,281,1003,283,1033,221,1030,Card
288,1008,385,1002,386,1038,288,1040,payment
394,1005,462,1002,463,1034,392,1033,Debit
651,1007,750,1005,747,1042,656,1042,115,500
