430,1058,522,1058,522,1092,430,1092,SUB.
532,1058,658,1058,658,1092,532,1092,TOTAL
878,1068,1013,1074,1011,1113,876,1107,86,363
320,1108,572,1108,572,1146,320,1146,RESTAURANT
582,1106,662,1106,662,1142,582,1142,TAX
900,1118,1013,1125,1011,1165,898,1158,8,636
138,758,234,758,234,796,138,796,BEEF
242,758,462,758,462,796,242,796,CURRYRICE
802,766,820,766,820,800,802,800,1
914,766,1026,766,1026,806,914,806,49,091
138,804,198,804,198,840,138,840,EBI
206,802,388,802,388,840,206,840,TEMPURA
802,810,820,810,820,842,802,842,1
914,809,1032,812,1031,852,913,849,13,636
137,844,347,844,347,882,137,882,SKEWERED
360,840,456,843,455,880,359,877,TOFU
464,844,560,844,560,880,464,880,ROLL
800,850,820,850,820,884,800,884,1
912,851,1030,855,1029,894,911,890,12,727
138,890,216,890,216,926,138,926,HOT
228,888,332,888,332,922,228,922,OCHA
800,894,820,894,820,926,800,926,1
912,895,1030,898,1029,936,911,933,10,909
414,1216,550,1216,550,1250,414,1250,GRAND
560,1216,686,1216,686,1250,560,1250,TOTAL
801,1258,1006,1272,1002,1326,797,1311,94,999
373,1255,509,1255,509,1289,373,1289,~ CASH
524,1254,684,1254,684,1296,524,1296,[94,999]
705,1455,838,1476,832,1515,699,1494,Change:
833,1473,925,1483,921,1522,829,1512,5,001
