112,370,124,370,124,388,112,388,2
130,368,176,368,176,390,130,390,PAIN
180,368,204,368,204,390,180,390,AU
208,368,300,368,300,392,208,392,CHOCOLATE
404,368,470,368,470,392,404,392,22,000
112,394,122,394,122,412,112,412,1
130,392,186,392,186,414,130,414,APPLE
190,392,224,392,224,414,190,414,PIE
406,392,470,392,470,416,406,416,11,000
112,418,122,418,122,438,112,438,1
130,416,204,416,204,438,130,438,REDBEAN
208,416,262,416,262,438,208,438,BREAD
414,418,470,418,470,440,414,440,9,000
130,466,230,466,230,504,130,504,TOTAL
346,466,468,466,468,508,346,508,42,000
128,504,174,504,174,528,128,528,CASH
396,506,470,506,470,530,396,530,100,000
127,530,249,528,250,567,128,570,CHANGE
346,530,468,530,468,572,346,572,58,000
