122,494,222,494,222,520,122,520,CHEEZY
226,496,282,496,282,520,226,520,DOG
286,496,356,496,356,522,286,522,BITES
128,532,140,532,140,554,128,554,1
212,530,288,530,288,558,212,558,33,000
564,534,648,534,648,562,564,562,33,000
100,582,232,582,232,608,100,608,SUB TOTAL
562,590,648,590,648,618,562,618,33,000
102,653,270,656,269,683,101,679,GRAND TOTAL
562,665,648,668,647,697,561,694,33,000
102,705,218,705,218,731,102,731,CASH IDR
550,721,647,725,645,754,548,749,100,000
101,759,263,756,264,783,102,786,CHANGE DUE
562,777,646,780,645,807,561,804,67,000
