160,776,294,776,294,816,160,816,TERITAMA
304,776,328,776,328,816,304,816,4
336,778,388,778,388,813,336,813,PCS
96,777,112,777,112,816,96,816,1
803,771,903,771,903,808,803,808,36,000
406,1175,483,1175,483,1206,406,1206,Sales
498,1172,626,1168,624,1201,501,1206,included
638,1160,686,1160,686,1201,634,1200,PB1
27,882,81,882,81,928,27,928,SUB
96,888,178,888,178,925,96,925,TOTAL
801,879,897,881,896,918,798,913,36,000
35,998,119,998,119,1029,35,1029,TOTAL
129,992,216,992,216,1032,129,1032,SALES
795,984,890,992,888,1027,793,1020,36,000
35,1050,120,1047,121,1081,34,1082,GOPAY
793,1037,885,1046,882,1086,789,1071,36,000
