182,428,260,428,260,452,182,452,YANG
266,428,326,428,326,452,266,452,YUM
332,426,382,426,382,450,332,450,GUI
488,426,502,426,502,448,488,448,1
569,420,661,417,662,446,570,449,97,000
181,456,339,456,339,482,181,482,SOONDUBU
345,456,433,453,434,479,346,482,CHIGE
490,456,502,456,502,478,490,478,1
571,450,661,447,662,476,572,479,75,000
180,488,234,488,234,514,180,514,JAP
238,486,318,486,318,512,238,512,CHAE
490,486,502,486,502,510,490,510,1
558,480,664,480,664,510,558,510,105,000
180,518,286,518,286,544,180,544,MAKOLI
490,516,504,516,504,540,490,540,1
559,512,665,509,666,538,560,542,120,000
175,547,353,547,353,573,175,573,GOCHUJANG
492,548,504,548,504,570,492,570,1
574,542,666,542,666,572,574,572,85,000
178,630,234,630,234,654,178,654,Sub
238,628,302,628,302,654,238,654,Total
562,622,672,622,672,652,562,652,482,000
176,662,274,662,274,688,176,688,Service
577,660,673,657,674,687,578,689,33,740
176,692,226,692,226,720,176,720,Tax
582,690,674,690,674,720,582,720,48,685
173,728,291,725,292,753,174,755,Discount
656,724,676,724,676,752,656,752,0
172,784,272,784,272,814,172,814,TOTAL
568,776,680,776,680,806,568,806,564,425
170,820,240,820,240,848,170,848,Card
570,816,682,816,682,848,570,848,564,425
168,878,324,878,324,914,168,914,CHANGE
660,876,682,876,682,908,660,908,0
176,580,312,580,312,606,176,606,BIBIMBAB
