67,1068,211,1065,212,1108,68,1110,Total.
623,1060,823,1056,824,1102,624,1106,159,638
72,1118,166,1118,166,1152,72,1152,VISA
176,1118,280,1118,280,1150,176,1150,BCA:
675,1109,825,1105,826,1139,676,1143,159,638
64,928,218,928,218,966,64,966,ITEMS :
216,928,242,928,242,966,216,966,2
64,780,90,780,90,814,64,814,1
155,780,263,780,263,816,155,816,mush
275,784,385,780,387,819,276,822,pasta
709,776,843,773,844,812,710,815,80,000
64,828,92,828,92,864,64,864,1
154,828,236,828,236,866,154,866,chic
241,834,337,831,338,867,242,870,ques
709,822,841,819,842,860,710,862,55,000
681,920,835,915,836,957,682,962,135,000
66,978,210,978,210,1014,66,1014,Service
218,975,353,984,351,1022,216,1013,charge
704,968,833,962,835,1002,706,1008,10,125
70,1024,146,1024,146,1060,70,1060,PB1
705,1014,833,1010,834,1050,706,1053,14,513
