64,717,287,717,287,747,64,747,GRAND TOTAL
650,718,748,718,748,750,650,750,34,000
58,786,150,786,150,818,58,818,CASH
154,786,212,786,212,816,154,816,IDR
650,785,748,788,747,821,649,819,50,000
54,858,196,858,196,890,54,890,CHANGE
200,856,270,856,270,888,200,888,DUE
656,856,752,856,752,890,656,890,16,000
68,622,244,625,243,656,67,653,SUB TOTAL
646,628,742,628,742,660,646,660,34,000
104,513,238,516,237,546,103,544,TRIPPLE
240,516,366,519,365,550,239,547,CHEESE
104,560,126,560,126,588,104,588,2
222,562,318,562,318,592,222,592,17,000
644,566,740,566,740,598,644,598,34,000
