512,955,588,955,588,1028,512,1028,1X
601,951,810,951,810,1032,601,1032,38,900
503,1041,584,1041,584,1117,503,1117,LS
606,1038,1063,1045,1062,1124,604,1118,TOILETBRUSH102
1489,1041,1693,1041,1693,1122,1489,1122,38,900
507,1126,652,1126,652,1207,507,1207,MEGA
669,1126,938,1126,938,1207,669,1207,Discount
1517,1130,1723,1124,1725,1202,1519,1208,3,890-
507,1220,584,1220,584,1292,507,1292,1X
601,1216,810,1216,810,1297,601,1297,25,900
508,1299,718,1306,716,1384,506,1378,TAMMIA
729,1305,840,1305,840,1386,729,1386,259
1487,1301,1697,1296,1699,1375,1489,1380,25,900
507,1395,657,1395,657,1476,507,1476,MEGA
669,1395,938,1395,938,1476,669,1476,Discount
1516,1390,1727,1382,1730,1461,1519,1468,2,590-
507,1484,588,1484,588,1561,507,1561,1X
601,1484,814,1484,814,1561,601,1561,33,500
507,1574,622,1574,622,1651,507,1651,WDH
640,1574,746,1574,746,1651,640,1651,SUN
763,1574,870,1574,870,1651,763,1651,GEL
891,1570,1028,1570,1028,1651,891,1651,40ML
1493,1557,1702,1557,1702,1638,1493,1638,33,500
512,1659,657,1659,657,1740,512,1740,MEGA
669,1659,942,1659,942,1736,669,1736,Discount
1527,1642,1740,1642,1740,1723,1527,1723,3,350-
507,1749,588,1749,588,1826,507,1826,1X
601,1749,810,1749,810,1826,601,1826,21,900
507,1834,618,1834,618,1915,507,1915,TAM
635,1834,742,1834,742,1911,635,1911,424
757,1834,972,1828,974,1906,760,1913,BUFFER
985,1830,1100,1830,1100,1911,985,1911,219
1496,1818,1710,1812,1712,1895,1498,1900,21,900
503,1924,652,1924,652,2005,503,2005,MEGA
665,1924,938,1924,938,2001,665,2001,Discount
1531,1907,1749,1907,1749,1988,1531,1988,2,190-
499,2013,580,2013,580,2090,499,2090,1X
597,2009,806,2009,806,2090,597,2090,67,600
499,2103,674,2103,674,2184,499,2184,SIKAT
691,2099,998,2099,998,2180,691,2180,BOTOL/BSC
1506,2086,1723,2086,1723,2171,1506,2171,67,600
494,2193,648,2193,648,2274,494,2274,MEGA
661,2193,938,2193,938,2269,661,2269,Discount
1540,2176,1757,2176,1757,2257,1540,2257,6,760-
494,2286,576,2286,576,2368,494,2368,1X
593,2282,802,2282,802,2368,593,2368,27,400
493,2376,767,2371,769,2454,495,2459,GOCUJANG
789,2372,998,2372,998,2453,789,2453,H.200G
1510,2359,1732,2359,1732,2444,1510,2444,27,400
490,2470,640,2470,640,2551,490,2551,MEGA
655,2470,934,2465,935,2548,657,2553,Discount
1544,2457,1770,2457,1770,2542,1544,2542,2,740 -
484,2564,698,2556,701,2640,487,2647,0.064X
716,2555,934,2555,934,2641,716,2641,37,500
482,2653,563,2653,563,2739,482,2739,PM
580,2653,725,2653,725,2739,580,2739,CABE
746,2653,930,2653,930,2739,746,2739,HIJAU
947,2649,1096,2649,1096,2739,947,2739,CURA
1553,2649,1740,2649,1740,2734,1553,2734,2,400
486,2752,635,2752,635,2833,486,2833,MEGA
648,2751,930,2751,930,2833,648,2833,Discount
1625,2743,1770,2743,1770,2824,1625,2824,240-
482,2845,695,2845,695,2931,482,2931,0.482X
712,2845,930,2845,930,2931,712,2931,30,900
486,2939,665,2939,665,3025,486,3025,TIMUN
682,2939,896,2939,896,3025,682,3025,JEPANG
1518,2922,1736,2922,1736,3003,1518,3003,14,894
490,3037,635,3037,635,3123,490,3123,MEGA
652,3042,934,3042,934,3123,652,3123,Discount
1553,3012,1766,3012,1766,3093,1553,3093,1,489-
486,3136,571,3136,571,3217,486,3217,1X
589,3130,769,3136,767,3223,586,3217,7,420
486,3229,733,3229,733,3315,486,3315,KONGKEE
755,3229,904,3229,904,3315,755,3315,TOFU
925,3225,1113,3225,1113,3310,925,3310,JEPUN
1557,3205,1743,3194,1748,3284,1562,3295,7,420
490,3323,644,3323,644,3409,490,3409,MEGA
657,3323,942,3323,942,3409,657,3409,Discount
1634,3293,1783,3293,1783,3379,1634,3379,742-
490,3421,571,3421,571,3507,490,3507,1X
588,3421,806,3421,806,3511,588,3511,33,500
490,3520,674,3520,674,3601,490,3601,+PALM
686,3520,806,3520,806,3605,686,3605,SHW
823,3520,938,3520,938,3605,823,3605,GEL
960,3520,1075,3520,1075,3605,960,3605,450
1536,3499,1752,3486,1758,3576,1541,3590,33,500
486,3618,644,3618,644,3707,486,3707,MEGA
657,3622,947,3622,947,3707,657,3707,Discount
1570,3599,1790,3587,1795,3676,1575,3688,3,350-
554,3716,870,3716,870,3801,554,3801,SUBTOTAL:
1507,3698,1765,3687,1768,3775,1511,3785,246,073
563,3912,772,3912,772,4002,563,4002,TOTAL:
1510,3878,1770,3878,1770,3968,1510,3968,246.073
