118,550,130,550,130,576,118,576,1
182,548,228,548,228,576,182,576,KFC
238,548,282,548,282,576,238,576,DAY
572,548,664,548,664,578,572,578,34,545
118,584,130,584,130,610,118,610,1
182,582,270,582,270,612,182,612,CHARGE
278,582,310,582,310,612,278,612,TA
616,584,664,584,664,612,616,612,909
334,650,382,650,382,678,334,678,Sub
389,648,462,648,462,680,389,681,Total
572,652,664,652,664,682,572,682,35,454
310,752,396,752,396,780,310,780,P.Rest
406,752,438,752,438,782,406,780,10
446,754,464,754,464,780,446,780,%
586,758,664,758,664,788,586,788,3,546
392,846,462,846,462,876,392,876,Total
568,826,670,826,670,886,567,882,39,000
406,878,466,878,468,909,403,908,Cash
560,881,665,885,666,920,558,912,100,000
364,941,463,945,463,977,362,974,kembali
572,951,664,954,664,986,571,982,61,000
180,1068,198,1068,198,1094,180,1094,2
206,1066,288,1076,287,1104,203,1095,Items,
