331,1040,380,1040,380,1072,331,1072,Sub
390,1040,470,1037,466,1070,387,1070,Total
669,1038,774,1034,774,1071,669,1070,244,500
330,1080,377,1077,377,1111,328,1110,Tax
684,1077,773,1074,774,1111,681,1111,24,450
329,1160,413,1160,413,1213,329,1213,Total
664,1154,778,1151,776,1221,667,1220,268,950
208,1338,274,1338,274,1369,208,1369,Menu
284,1335,303,1336,304,1365,286,1365,6
331,1331,437,1333,436,1370,331,1367,Item(s)
201,765,248,764,248,798,201,796,1.0
289,765,364,763,364,794,288,794,CHOCO
376,763,438,761,438,791,375,795,CHIP
680,763,769,761,768,797,676,797,27,500
196,805,249,805,249,835,196,835,2.0
290,802,381,803,380,832,287,832,NOUGAT
392,802,440,802,440,832,392,832,ICE
451,801,525,803,525,830,449,830,CREAM
681,802,770,800,769,833,681,836,48,000
201,843,244,843,244,874,201,874,1.0
290,845,390,843,393,871,286,873,AMANDEL
401,844,481,842,481,872,401,874,BROOD
681,841,769,840,770,874,679,876,20,000
198,883,245,883,245,914,198,914,1.0
289,880,466,880,466,912,289,912,BOKKEPOOTJES
666,879,770,878,770,913,666,913,104,000
199,922,247,920,245,952,197,952,2.0
287,918,425,918,425,948,284,952,CHOCOLATE
432,921,480,918,481,950,432,949,ICE
494,920,568,917,568,947,493,948,CREAM
678,916,769,916,769,951,678,951,30,000
199,959,249,959,249,990,199,990,1.0
285,960,364,960,363,991,285,991,MOCCA
378,960,424,956,424,992,373,992,ICE
432,957,513,956,511,990,432,988,CREAM
683,957,772,956,771,990,684,991,15,000
