191,761,317,761,317,797,191,797,TOTAL
421,760,705,756,706,794,422,797,33,000
191,808,293,805,294,841,192,843,CASH
566,802,712,802,712,838,566,838,40,000
191,852,343,852,343,886,191,886,Change
587,844,711,844,711,880,587,880,7,000
444,634,462,634,462,666,444,666,1
488,632,536,632,536,666,488,666,QT
193,677,387,674,388,707,194,711,Subtotal
564,674,708,674,708,710,564,710,30,000
194,720,268,720,268,754,194,754,Tax
587,715,709,715,709,751,587,751,3,000
152,550,170,550,170,582,152,582,1
196,549,388,552,387,586,195,583,TAKOYAKI
417,553,533,550,534,583,418,587,12PCS
560,590,704,590,704,624,560,624,30,000
