78,658,98,658,98,688,78,688,1
128,657,214,659,213,690,127,687,Choco
224,657,326,660,325,690,223,687,Cheese
604,662,706,662,706,698,604,698,13,636
124,700,278,700,278,732,124,732,Exclusive
288,700,388,700,388,732,288,732,Member
400,702,452,702,452,732,400,732,Car
608,704,708,704,708,742,608,742,-2,045
316,786,466,786,466,820,316,820,SubTotal:
594,790,698,790,698,830,594,830,13,636
312,831,464,834,463,867,311,865,Discount:
594,834,700,834,700,874,594,874,-2,045
396,878,466,878,466,914,396,914,PB1:
614,880,702,880,702,922,614,922,1,159
298,972,432,972,432,1042,298,1042,Total:
586,974,726,974,726,1054,586,1054,12,750
402,1059,494,1059,494,1093,402,1093,cash:
630,1060,740,1060,740,1102,630,1102,12,750
